1.0982,-2.87419,-0.00064522,1.09903,-2.85995,-0.000640148,1.12309,-2.81826,-0.000630038,1.41956,-2.53215,-0.000589388,1.42966,-2.91341,-0.000732274,1.42908,-2.97049,-0.00075321,1.39171,-3.0232,-0.000764474,1.32453,-3.0285,-0.000751716,1.27493,-3.01978,-0.00073764,1.22695,-3.0098,-0.000723453,1.1187,-2.96721,-0.000684033
-1.40854,-1.67178,0.00034734,-1.40363,-1.63255,0.00036074,-1.40132,-1.62626,0.000362554,-1.37031,-1.60646,0.000363068,-1.02636,-1.55316,0.000307422,0.323124,-1.64377,-2.15122e-05,0.936085,-1.69964,-0.000176346,1.38402,-1.80556,-0.000313514,1.42354,-1.81963,-0.000327362,1.42768,-1.82225,-0.000329234,1.43352,-1.97568,-0.000387123,1.44058,-2.18087,-0.000464378,1.42765,-2.27327,-0.000495642,1.36258,-2.30974,-0.00049485,1.22402,-2.35885,-0.000482629,1.13719,-2.37492,-0.000469544,-0.718095,-2.25785,-2.00905e-05,-0.820062,-2.24959,5.28386e-06,-0.932852,-2.22761,3.80927e-05,-1.42489,-2.12876,0.000182311,-1.42503,-2.06277,0.000206687,-1.42214,-1.97482,0.000238506
0.444543,-2.71815,0.923657,0.471167,-2.62355,0.923369,0.524145,-2.52327,0.922121,0.572744,-2.48227,0.920585,1.03098,-2.48528,0.903103,1.08586,-2.50362,0.900871,1.13068,-2.57335,0.898627,1.13453,-2.62781,0.898062,1.1343,-2.72016,0.897361,1.13324,-2.78363,0.896914,1.12969,-2.97498,0.895578,1.12323,-3.02605,0.895432,1.11236,-3.07268,0.895488,1.01681,-3.125,0.898727,0.772854,-3.15881,0.907762,0.627516,-3.15776,0.913307,0.528266,-3.15692,0.917095,0.470697,-3.15346,0.919315,0.438077,-3.07507,0.92116,0.436847,-2.97591,0.921969
-0.355867,-2.48462,0.955948,-0.350547,-2.37628,0.956578,-0.33213,-2.1314,0.957758,-0.325579,-2.06744,0.957999,0.27625,-2.02771,0.935375,0.272796,-2.17377,0.934384,0.271907,-2.20742,0.934159,0.0316801,-3.02863,0.937001,0.0134285,-3.05193,0.937518,-0.0142731,-3.06218,0.938494,-0.308606,-3.06082,0.949719,-0.356746,-3.05439,0.951603,-0.356829,-3.01168,0.951934
-1.39206,-2.42253,1.0957,-1.35877,-2.06187,1.09871,-1.33991,-2.04444,1.09922,-1.11526,-2.04726,1.10399,-0.889763,-2.06647,1.10866,-0.831777,-2.08046,1.10981,-0.820501,-2.12871,1.10974,-0.822105,-2.52115,1.10721,-0.829125,-2.93099,1.10444,-0.832143,-3.00598,1.1039,-0.843284,-3.05856,1.10333,-1.27351,-3.03995,1.09428,-1.31085,-3.0345,1.09352,-1.36482,-3.01508,1.0925,-1.40163,-2.97428,1.09197,-1.40206,-2.92396,1.09229
0.175367,-2.07181,1.13131,0.309387,-1.94448,1.13498,0.641395,-1.9476,1.14203,0.796226,-1.94965,1.14531,1.02261,-1.96694,1.15003,1.07732,-1.97946,1.15111,1.17056,-2.02888,1.15278,1.17473,-2.07319,1.15259,0.309272,-2.47441,1.1316,0.293948,-2.47948,1.13124
-1.37148,-2.04507,0.776334,-1.36487,-2.04515,1.02284,-1.32741,-2.04579,1.07314,-1.07472,-2.0502,1.08098,-0.978265,-2.05189,1.08129,-0.923325,-2.05285,1.08043,-0.878236,-2.05364,1.07942,0.125319,-2.07117,0.976547,0.163621,-2.07184,0.968598,0.225158,-2.07293,0.87692,0.250469,-2.07339,0.790473,0.325378,-2.07476,0.38248,0.271227,-2.07382,0.323842,0.150243,-2.07171,0.298629,0.124996,-2.07127,0.294325,-0.619119,-2.05828,0.298272,-0.792512,-2.05525,0.29948,-1.37089,-2.0451,0.634823,-1.37187,-2.04508,0.673322
-0.814452,-2.32587,0.401853,-0.813805,-2.28034,0.402023,-0.809964,-2.17377,0.402417,-0.77252,-2.11932,0.402571,-0.712015,-2.08121,0.402631,-0.422101,-2.12635,0.402065,-0.415168,-2.17914,0.401858,-0.431628,-2.229,0.401693,-0.686573,-2.9673,0.399272,-0.687436,-2.9696,0.399264,-0.729282,-2.98033,0.399281,-0.790377,-2.97936,0.399368,-0.819544,-2.76897,0.400198
0.281277,-2.26777,0.400573,0.274829,-2.13147,0.401093,0.321414,-2.11628,0.401087,0.367871,-2.12476,0.400991,0.406246,-2.13825,0.400888,0.813708,-2.37256,0.399452,0.821539,-2.38203,0.399406,0.824751,-2.52507,0.398865,0.779234,-2.56201,0.398789,0.377432,-2.67794,0.398903,0.344659,-2.6709,0.398974,0.319934,-2.52377,0.39956
-0.825623,-3.0253,0.699137,-0.824832,-2.97531,0.770102,-0.824158,-2.93399,0.814744,-0.822094,-2.8091,0.929711,-0.819816,-2.6739,1.02439,-0.815365,-2.42444,1.02308,-0.813583,-2.32481,1.01953,-0.811839,-2.2275,1.01405,-0.810763,-2.17433,0.923817,-0.809671,-2.12528,0.771052,-0.809555,-2.12596,0.680092,-0.80961,-2.13513,0.603995,-0.810147,-2.17123,0.528553,-0.811087,-2.22811,0.475963,-0.812003,-2.2797,0.473115,-0.814593,-2.42506,0.470588,-0.816392,-2.52594,0.470559,-0.819022,-2.67311,0.474061,-0.819939,-2.72433,0.476109,-0.82456,-2.97972,0.522449,-0.825401,-3.02263,0.576074,-0.825511,-3.02476,0.62646
0.0731352,-2.53559,1.03747,0.0747545,-2.27395,1.02418,0.085079,-2.17116,1.06361,0.111765,-2.1244,1.18288,0.120755,-2.1298,1.22473,0.131487,-2.17321,1.27763,0.140499,-2.27051,1.32687,0.133915,-2.66887,1.32812,0.128874,-2.92155,1.32493,0.127858,-2.96748,1.32389,0.116709,-3.02063,1.27673,0.0998186,-3.04672,1.20096,0.0932692,-3.02292,1.16889,0.0750115,-2.91253,1.076,0.07217,-2.73866,1.04912
