1386455959504000 ,  10.079574 ,  0.00479310289798 ,  7.79625384012
1386455969582764 ,  10.078764 ,  0.00250371209238 ,  46.8415381696
1386455979660553 ,  10.077789 ,  0.00412315805499 ,  45.9158607981
1386455989737109 ,  10.076556 ,  0.000785562404382 ,  0.289355015388
1386455999816886 ,  10.079777 ,  0.00606821221485 ,  2.50647945663
1386456009896660 ,  10.079774 ,  0.00066292456801 ,  0.120284778044
1386456019976439 ,  10.079779 ,  0.00011683468203 ,  0.0109597474618
1386456030059172 ,  10.082733 ,  9.78936704813e-06 ,  0.0776711280174
1386456040141853 ,  10.082681 ,  0.0150613473209 ,  0.14100682871
1386456050242748 ,  10.100895 ,  0.000288081508755 ,  0.0754474233975
1386456060325412 ,  10.082664 ,  2.74219532719e-05 ,  0.0815842366787
1386456070405063 ,  10.079651 ,  1.7927288346e-05 ,  0.111659330651
1386456080491718 ,  10.086655 ,  0.00959650232297 ,  1.13011438869
1386456090567504 ,  10.075786 ,  0.0251013378007 ,  1.41625659596
1386456100650155 ,  10.082651 ,  0.0227124536173 ,  4.95023646252
1386456110728836 ,  10.078681 ,  0.0114274746117 ,  1.36684679753
1386456120808710 ,  10.079874 ,  5.16217494162e-05 ,  0.109813926268
1386456130882580 ,  10.07387 ,  4.88020591404e-05 ,  0.0868410186761
1386456140968350 ,  10.08577 ,  2.0858979788e-05 ,  0.137202070481
1386456151044813 ,  10.076463 ,  0.000664368308864 ,  0.181702385612
1386456161127579 ,  10.082766 ,  0.000370325880291 ,  0.0538313191153
1386456171193289 ,  10.06571 ,  0.0106784363302 ,  1.45508783941
1386456181288006 ,  10.094717 ,  0.0236136280156 ,  2.21213480389
1386456191369858 ,  10.081852 ,  0.00575375190359 ,  0.192978781504
1386456201449431 ,  10.079573 ,  0.0114795420201 ,  0.0758907775163
1386456211529197 ,  10.079766 ,  0.00217423801772 ,  0.0200420756228
1386456221605896 ,  10.076699 ,  0.00889701495082 ,  0.145143395579
1386456231688837 ,  10.082941 ,  9.21653691924e-05 ,  0.127602197034
1386456241900448 ,  10.211611 ,  2.50212801459e-05 ,  0.513020111996
1386456251980133 ,  10.079685 ,  0.000735442833718 ,  3.90141452093
1386456262056881 ,  10.076748 ,  0.00064552351368 ,  2.96544264306
1386456272169787 ,  10.112906 ,  0.0101718868855 ,  0.0980137454144
1386456282258313 ,  10.088526 ,  0.000750487260545 ,  0.131416670507
1386456292365021 ,  10.106708 ,  1.75998812617e-05 ,  0.123001324798
1386456302444765 ,  10.079744 ,  0.0108364136763 ,  0.107822641429
1386456312527447 ,  10.082682 ,  0.000300862769163 ,  0.129377041471
1386456322604237 ,  10.07679 ,  2.01214170745e-05 ,  0.0979956894439
1386456332850945 ,  10.246708 ,  0.00266101563701 ,  0.0107823373251
1386456342933577 ,  10.082632 ,  0.0167097590686 ,  1.3747854639
1386456353009464 ,  10.075887 ,  0.0162296962703 ,  0.764624068877
1386456363086241 ,  10.076777 ,  0.00601077162064 ,  0.287214162537
1386456373162818 ,  10.076577 ,  0.00855199088965 ,  0.0718310398753
1386456383245592 ,  10.082774 ,  0.00595832015487 ,  0.151199724192
1386456393325238 ,  10.079646 ,  6.49184274276e-05 ,  0.122067762836
1386456403405119 ,  10.079881 ,  0.000227210797095 ,  0.0872309219643
1386456413487677 ,  10.082558 ,  0.00291204542351 ,  0.106882051025
1386456423579617 ,  10.09194 ,  0.000359987126152 ,  0.0594636685771
1386456433656198 ,  10.076581 ,  2.33079508265e-05 ,  0.114472036391
1386456443802029 ,  10.145831 ,  0.00030636389489 ,  0.166602832568
1386456453878665 ,  10.076636 ,  0.00176498777488 ,  0.194658866486
1386456463958431 ,  10.079766 ,  0.000201091813987 ,  0.0977317618961
1386456474032125 ,  10.073694 ,  3.24691711761e-05 ,  0.0903703560691
1386456484111927 ,  10.079802 ,  1.30482571069e-05 ,  0.0771262782553
1386456494197713 ,  10.085786 ,  0.00182233482768 ,  0.127132410681
1386456504295354 ,  10.097641 ,  0.00506364425884 ,  0.0182591184006
1386456514378035 ,  10.082681 ,  0.0209176608011 ,  0.121458911893
1386456524460772 ,  10.082737 ,  0.00115824079474 ,  0.199645866998
1386456534570544 ,  10.109772 ,  0.00122835639589 ,  0.063652543831
1386456544650220 ,  10.079676 ,  0.0028971823388 ,  0.226131435991
1386456554730069 ,  10.079849 ,  0.000382034306378 ,  8.9663884453
1386456564812749 ,  10.08268 ,  8.21883828653e-05 ,  0.12157577117
1386456574892445 ,  10.079696 ,  2.03837814343e-06 ,  0.0917424507516
1386456585005196 ,  10.112751 ,  1.53053703436e-05 ,  0.107195832768
1386456595087942 ,  10.082746 ,  1.72782911049e-05 ,  0.0885919726483
1386456605161747 ,  10.073805 ,  0.000431317059292 ,  0.157627539052
1386456615235421 ,  10.073674 ,  0.000241690707266 ,  0.22015759041
1386456625330148 ,  10.094727 ,  3.212435838e-05 ,  0.0960675010915
1386456635406641 ,  10.076493 ,  0.000986800367632 ,  0.0821832022643
1386456645480534 ,  10.073893 ,  0.000190333014377 ,  0.107374856209
1386456655590097 ,  10.109563 ,  2.1706557143e-05 ,  0.0919173787996
1386456665669961 ,  10.079864 ,  0.00213990664864 ,  0.202280069837
1386456675746563 ,  10.076602 ,  0.00180710184072 ,  0.215475064138
1386456685832493 ,  10.08593 ,  0.00570720002418 ,  0.544195267284
1386456695908991 ,  10.076498 ,  0.0028842636948 ,  0.176140937701
1386456705985860 ,  10.076869 ,  0.00320887695363 ,  0.0376811393606
1386456716074491 ,  10.088631 ,  0.00683562269505 ,  0.0368975595076
1386456726163345 ,  10.088854 ,  0.00212340206296 ,  0.0284787092851
1386456736242999 ,  10.079654 ,  0.0105961434069 ,  0.442969161263
1386456746319562 ,  10.076563 ,  0.00153756469042 ,  0.0840565396701
1386456756426370 ,  10.106808 ,  2.40325054798e-05 ,  0.0759196881516
1386456766506151 ,  10.079781 ,  0.00247492679293 ,  0.0554748923675
1386456776615722 ,  10.109571 ,  0.00313412214804 ,  0.118642568963
1386456786692689 ,  10.076967 ,  0.00023623913802 ,  0.0425705135658
1386456796769405 ,  10.076716 ,  0.000239256108529 ,  0.129902778832
1386456806939226 ,  10.169821 ,  0.000209990878623 ,  0.0971707746746
1386456817078812 ,  10.139586 ,  0.000186903162978 ,  0.092312923001
1386456827167559 ,  10.088747 ,  0.000329734852337 ,  0.0515692186502
1386456837292302 ,  10.124743 ,  0.000341729299509 ,  0.00683727459197
1386456847432010 ,  10.139708 ,  0.000549166625729 ,  0.056288788226
1386456857511577 ,  10.079567 ,  0.00289994496152 ,  0.803403196174
1386456867585458 ,  10.073881 ,  4.00072240426e-05 ,  0.0279425351344
1386456877665269 ,  10.079811 ,  1.70082632332e-05 ,  0.0382325049289
1386456887744904 ,  10.079635 ,  9.911904319e-05 ,  1.74054540483
1386456897857471 ,  10.112567 ,  0.000101154515918 ,  1.69867298305
1386456908024315 ,  10.166844 ,  0.000250433827705 ,  0.0595730355252
1386456918137203 ,  10.112888 ,  0.0236622588205 ,  0.567173226787
1386456928231798 ,  10.094595 ,  0.000259988739344 ,  0.0200847860546
1386456938239503 ,  10.007705 ,  0.00413717616309 ,  0.0453051369213
1386456948352272 ,  10.112769 ,  7.43472665298e-05 ,  0.0524386334073
1386456958495060 ,  10.142788 ,  0.000929150178251 ,  0.062264122101
1386456968616821 ,  10.121761 ,  0.00158789040402 ,  0.0276786305403
1386456978648401 ,  10.03158 ,  0.00078177959287 ,  0.00401781925365
1386456988746151 ,  10.09775 ,  0.000353074167988 ,  4.68275485015
1386456998852808 ,  10.106657 ,  0.00314882642539 ,  0.113571679216
1386457008965703 ,  10.112895 ,  0.00277709920212 ,  0.0684206046354
1386457019045264 ,  10.079561 ,  0.0049207633707 ,  0.250388142552
1386457029137014 ,  10.09175 ,  0.00103914590414 ,  0.0516599807559
1386457039231846 ,  10.094832 ,  0.00341694651948 ,  0.0134712150608
1386457049305627 ,  10.073781 ,  0.000687161119311 ,  0.0692258641428
1386457059376210 ,  10.070583 ,  0.00473192725009 ,  0.248423026209
1386457069480015 ,  10.103805 ,  0.0194189868795 ,  0.069368319395
1386457079553625 ,  10.07361 ,  0.000506431829351 ,  0.0398371517873
1386457089639561 ,  10.085936 ,  6.52715457088e-05 ,  0.066215239191
1386457099719141 ,  10.07958 ,  0.00224317208938 ,  0.203913248501
1386457109795718 ,  10.076577 ,  0.000361874947756 ,  0.0259126437276
1386457119884437 ,  10.088719 ,  2.4763227359e-05 ,  0.0568244582699
1386457129991440 ,  10.107003 ,  0.00266165545134 ,  0.0259942938583
1386457140085978 ,  10.094538 ,  0.00216098082404 ,  0.0028834708828
1386457150300664 ,  10.214686 ,  0.00228633851454 ,  0.201292969895
1386457160404685 ,  10.104021 ,  0.00187947804085 ,  0.242776473447
1386457170490356 ,  10.085671 ,  0.000152884448499 ,  0.0618325385122
1386457180567007 ,  10.076651 ,  6.76468757403e-05 ,  0.0394841262696
1386457190664754 ,  10.097747 ,  0.000395064860373 ,  0.00466433053198
1386457200747597 ,  10.082843 ,  0.000142799646528 ,  0.0135352620763
1386457210824244 ,  10.076647 ,  0.000982682038822 ,  0.00154808156022
1386457220960872 ,  10.136628 ,  0.000291253878102 ,  0.0386906983063
1386457231040745 ,  10.079873 ,  0.000132205294496 ,  0.00720880236769
1386457241126309 ,  10.085564 ,  0.000216717501426 ,  0.0534683220459
1386457251208993 ,  10.082684 ,  0.000381921918954 ,  0.311962823972
1386457261291816 ,  10.082823 ,  0.000176298373077 ,  0.028571460653
1386457271347565 ,  10.055749 ,  0.000516269257993 ,  0.0324834977926
1386457281481392 ,  10.133827 ,  0.000804923329022 ,  0.0800992336004
1386457291581913 ,  10.100521 ,  0.0192519775286 ,  0.610632061338
1386457301673813 ,  10.0919 ,  0.00482633801937 ,  0.0449705536108
1386457311768352 ,  10.094539 ,  0.00231236712687 ,  1.91066147144
1386457321785280 ,  10.016928 ,  0.000318023563554 ,  1.90862193353
1386457331868069 ,  10.082789 ,  0.00104024500598 ,  0.061553016844
1386457341947630 ,  10.079561 ,  0.000163963736168 ,  0.00892789351762
1386457352156463 ,  10.208833 ,  0.000911706831115 ,  0.0499616174115
1386457362239014 ,  10.082551 ,  1.32435834026e-05 ,  0.0031904109914
1386457372315793 ,  10.076779 ,  0.000725170373177 ,  0.0296142448147
1386457382455591 ,  10.139798 ,  0.000166994358949 ,  0.0155232240722
1386457392532354 ,  10.076763 ,  3.8646638485e-05 ,  0.0165472056287
1386457402615141 ,  10.082787 ,  0.00180262053744 ,  6.05501989543
1386457412712673 ,  10.097532 ,  0.000966034249932 ,  0.110525864456
1386457422813460 ,  10.100787 ,  0.00151776299502 ,  0.0417986881887
1386457432896112 ,  10.082652 ,  0.00160352162872 ,  0.0294073745087
1386457442972890 ,  10.076778 ,  0.000834764849406 ,  0.0625625653352
1386457453052760 ,  10.07987 ,  2.12824764585e-05 ,  0.0192554200988
1386457463132533 ,  10.079773 ,  0.000491014144378 ,  5.85264851649
1386457473245228 ,  10.112695 ,  0.0196987936043 ,  3.08387031612
1386457483339948 ,  10.09472 ,  0.0057334520539 ,  0.0771527857302
1386457493458505 ,  10.118557 ,  0.00239963138208 ,  0.0807688744356
1386457503544267 ,  10.085762 ,  0.000409318157435 ,  0.0250625714092
1386457513678184 ,  10.133917 ,  5.04113657192e-05 ,  0.0358564434369
1386457523769626 ,  10.091442 ,  0.00308153824619 ,  0.332011647388
1386457533861568 ,  10.091942 ,  0.00218297039476 ,  0.0812100701315
1386457543974128 ,  10.11256 ,  0.000309920021555 ,  0.105589779538
1386457554054024 ,  10.079896 ,  0.000191972009008 ,  0.0081768278601
1386457564133771 ,  10.079747 ,  9.0758105965e-05 ,  1.10356742063
1386457574225399 ,  10.091628 ,  0.00014867222099 ,  2.29400924492
1386457584308060 ,  10.082661 ,  2.19197269729e-05 ,  0.0123362423707
1386457594387840 ,  10.07978 ,  7.61988916113e-06 ,  0.0280543537458
1386457604482588 ,  10.094748 ,  0.000136058058077 ,  0.0048317775378
1386457614580386 ,  10.097798 ,  0.000169268981027 ,  0.097842444792
1386457624654096 ,  10.07371 ,  8.99346510296e-05 ,  0.00485049695015
1386457634769644 ,  10.115548 ,  4.17353858834e-05 ,  0.0267872723307
1386457644846419 ,  10.076775 ,  1.41563252305e-05 ,  0.0418046704851
1386457654929197 ,  10.082778 ,  0.000133258479304 ,  0.0872942316562
1386457665063002 ,  10.133805 ,  0.000107973834352 ,  0.0506473801074
1386457675154638 ,  10.091636 ,  7.90409026323e-06 ,  0.0314063999275
1386457685243315 ,  10.088677 ,  5.98287542403e-06 ,  0.0405974658144
1386457695347075 ,  10.10376 ,  2.07036842607e-05 ,  0.279089065838
1386457705432984 ,  10.085909 ,  0.000216880169307 ,  0.3241361286
1386457715524501 ,  10.091517 ,  0.000251368695332 ,  0.227914723456
1386457725607257 ,  10.082756 ,  0.000264625732428 ,  0.10348869253
1386457735660184 ,  10.052927 ,  0.00510014326982 ,  0.799404376129
1386457745751835 ,  10.091651 ,  0.00196295220052 ,  0.0888987194372
1386457755843668 ,  10.091833 ,  0.0028250180461 ,  4.24114920534
1386457765968429 ,  10.124761 ,  0.00404625705196 ,  0.827287904655
1386457776053975 ,  10.085546 ,  0.00395547418327 ,  0.149174970215
1386457786136609 ,  10.082634 ,  0.00672822095748 ,  0.109948104964
1386457796276538 ,  10.139929 ,  0.00140401143314 ,  0.119027531959
1386457806365285 ,  10.088747 ,  1.18481407749e-05 ,  0.0327731858509
1386457816444856 ,  10.079571 ,  0.00192432854979 ,  0.1080053525
1386457826554625 ,  10.109769 ,  0.00180664378831 ,  0.139477562665
1386457836658438 ,  10.103813 ,  0.00152634209786 ,  0.307719484557
1386457846759040 ,  10.100602 ,  0.000198209125302 ,  0.00105308142683
1386457856835740 ,  10.0767 ,  5.49084263754e-05 ,  0.0263043225455
1386457866939629 ,  10.103889 ,  0.00236494218618 ,  0.0171837285293
1386457877034267 ,  10.094638 ,  0.00364820731734 ,  0.42969531245
1386457887123008 ,  10.088741 ,  8.51850470344e-05 ,  0.0183723705609
1386457897202779 ,  10.079771 ,  0.00689790316434 ,  0.0561099932868
1386457907300483 ,  10.097704 ,  0.003706253282 ,  0.435401972457
1386457917398339 ,  10.097856 ,  0.0051123255222 ,  0.133942642362
1386457927501915 ,  10.103576 ,  0.000382560141617 ,  0.0405246774508
1386457937581775 ,  10.07986 ,  0.000392560208661 ,  0.209889200182
1386457947661278 ,  10.079503 ,  0.0111200276496 ,  17.6673758741

