-1.402793531613104883e-01
4.114845804282882963e-02
7.929113087637973400e-01
1.231952780619525595e-01
-1.160054207465066774e-02
-2.964607627958517067e-01
4.921338856220245361e-01
1.865301579236984253e-01
-4.107680544257164001e-02
-1.560966372489929199e+00
7.891767024993896484e-01
1.323403269052505493e-01
-1.127840399742126465e+00
1.658675670623779297e+00
-1.009255528450012207e+00
-9.499683231115341187e-02
7.269104123115539551e-01
3.153552532196044922e+00
8.207167983055114746e-01
3.015216626226902008e-02
2.905455231666564941e-01
5.186774209141731262e-02
1.459346652030944824e+00
-7.452183365821838379e-01
-1.769724488258361816e-01
-1.254247546195983887e+00
1.649927377700805664e+00
-2.451234459877014160e-01
2.432204782962799072e-04
-7.593711018562316895e-01
3.147273778915405273e+00
-8.139566183090209961e-01
2.300973795354366302e-02
-2.564613893628120422e-02
6.241377815604209900e-02
3.921031951904296875e-02
