0.000000000000000000e+00
0.000000000000000000e+00
8.499999999999999778e-01
1.371180568455311888e-01
-1.631047631700537348e-01
0.000000000000000000e+00
5.212081670761108398e-01
1.838546693325042725e-01
-3.081084042787551880e-02
2.302439957857131958e-01
8.028176426887512207e-01
1.322176009416580200e-01
-1.128086090087890625e+00
1.953692078590393066e+00
-6.214812994003295898e-01
-1.082282587885856628e-01
1.437622785568237305e+00
3.153264999389648438e+00
1.953657627105712891e+00
3.015216626226902008e-02
1.044401168823242188e+00
5.349759757518768311e-02
-5.039566755294799805e-01
-7.495511174201965332e-01
-1.836693137884140015e-01
-1.252023220062255859e+00
1.641624689102172852e+00
-2.400953322649002075e-01
-7.946690544486045837e-03
-1.498941659927368164e+00
3.147273778915405273e+00
-2.168270111083984375e+00
2.291386388242244720e-02
-1.053605079650878906e+00
6.231790408492088318e-02
3.898261487483978271e-02
