0 1.70141e+38 3.80447e+38 0 0 0 0 0 0 0 0 0 0 0 0 0 0 0 0 0 0 0 0 0 0 0 0 0 0 0 0 0 0 0 0 0 0 0 0 0 0 0 0 0 0 0 0 0 0 0 0 0 0 0 0 0 0 0 0 0 0 0 0 0 0 0 0 0 0 0 0 0 0 0 0 0 0 0 0 0 0 0 0 0 0 0 0 0 0 0 0 0 0 0 0 0 0 0 0 0 0 0 0 0 0 0 0 0 0 0 0
0 0 2.40616e+38 2.40616e+38 0 0 0 0 0 0 0 0 0 0 0 0 0 0 0 0 0 0 0 0 0 0 0 0 0 0 0 0 0 0 0 0 0 0 0 0 0 0 0 0 0 0 0 0 0 0 0 0 0 0 0 0 0 0 0 0 0 0 0 0 0 0 0 0 0 0 0 0 0 0 0 0 0 0 0 0 0 0 0 0 0 0 0 0 0 0 0 0 0 0 0 0 0 0 0 0 0 0 0 0 0 0 0 0 0 0 0
0 0 0 2.40616e+38 2.40616e+38 0 0 0 0 0 0 0 0 0 0 0 0 0 0 0 0 0 0 0 0 0 0 0 0 0 0 0 0 0 0 0 0 0 0 0 0 0 0 0 0 0 0 0 0 0 0 0 0 0 0 0 0 0 0 0 0 0 0 0 0 0 0 0 0 0 0 0 0 0 0 0 0 0 0 0 0 0 0 0 0 0 0 0 0 0 0 0 0 0 0 0 0 0 0 0 0 0 0 0 0 0 0 0 0 0 0
0.01 0 0 0 2.40616e+38 2.40616e+38 0 0 0 0 0 0 0 0 0 0 0 0 0 0 0 0 0 0 0 0 0 0 0 0 0 0 0 0 0 0 0 0 0 0 0 0 0 0 0 0 0 0 0 0 0 0 0 0 0 0 0 0 0 0 0 0 0 0 0 0 0 0 0 0 0 0 0 0 0 0 0 0 0 0 0 0 0 0 0 0 0 0 0 0 0 0 0 0 0 0 0 0 0 0 0 0 0 0 0 0 0 0 0 0 0
0.02 0.01 0 0 0 2.40616e+38 2.40616e+38 0 0 0 0 0 0 0 0 0 0 0 0 0 0 0 0 0 0 0 0 0 0 0 0 0 0 0 0 0 0 0 0 0 0 0 0 0 0 0 0 0 0 0 0 0 0 0 0 0 0 0 0 0 0 0 0 0 0 0 0 0 0 0 0 0 0 0 0 0 0 0 0 0 0 0 0 0 0 0 0 0 0 0 0 0 0 0 0 0 0 0 0 0 0 0 0 0 0 0 0 0 0 0 0
0.01 0 0 0 0 0 2.40616e+38 2.40616e+38 0 0 0 0 0 0 0 0 0 0 0 0 0 0 0 0 0 0 0 0 0 0 0 0 0 0 0 0 0 0 0 0 0 0 0 0 0 0 0 0 0 0 0 0 0 0 0 0 0 0 0 0 0 0 0 0 0 0 0 0 0 0 0 0 0 0 0 0 0 0 0 0 0 0 0 0 0 0 0 0 0 0 0 0 0 0 0 0 0 0 0 0 0 0 0 0 0 0 0 0 0 0 0
0 0 0 0 0 0 0 2.40616e+38 2.40616e+38 0 0 0 0 0 0 0 0 0 0 0 0 0 0 0 0 0 0 0 0 0 0 0 0 0 0 0 0 0 0 0 0 0 0 0 0 0 0 0 0 0 0 0 0 0 0 0 0 0 0 0 0 0 0 0 0 0 0 0 0 0 0 0 0 0 0 0 0 0 0 0 0 0 0 0 0 0 0 0 0 0 0 0 0 0 0 0 0 0 0 0 0 0 0 0 0 0 0 0 0 0 0
0 0 0 0 0 0 0 0 2.40616e+38 2.40616e+38 0 0 0 0 0 0 0 0 0 0 0 0 0 0 0 0 0 0 0 0 0 0 0 0 0 0 0 0 0 0 0 0 0 0 0 0 0 0 0 0 0 0 0 0 0 0 0 0 0 0 0 0 0 0 0 0 0 0 0 0 0 0 0 0 0 0 0 0 0 0 0 0 0 0 0 0 0 0 0 0 0 0 0 0 0 0 0 0 0 0 0 0 0 0 0 0 0 0 0 0 0
0.01 0 0 0 0 0 0 0 0 2.40616e+38 2.40616e+38 0 0 0 0 0 0 0 0 0 0 0 0 0 0 0 0 0 0 0 0 0 0 0 0 0 0 0 0 0 0 0 0 0 0 0 0 0 0 0 0 0 0 0 0 0 0 0 0 0 0 0 0 0 0 0 0 0 0 0 0 0 0 0 0 0 0 0 0 0 0 0 0 0 0 0 0 0 0 0 0 0 0 0 0 0 0 0 0 0 0 0 0 0 0 0 0 0 0 0 0
0.0223607 0.01 0 0 0 0 0 0 0 0 2.40616e+38 2.40616e+38 0 0 0 0 0 0 0 0 0 0 0 0 0 0 0 0 0 0 0 0 0 0 0 0 0 0 0 0 0 0 0 0 0 0 0 0 0 0 0 0 0 0 0 0 0 0 0 0 0 0 0 0 0 0 0 0 0 0 0 0 0 0 0 0 0 0 0 0 0 0 0 0 0 0 0 0 0 0 0 0 0 0 0 0 0 0 0 0 0 0 0 0 0 0 0 0 0 0 0
0.0223607 0.01 0 0 0 0 0 0 0 0 0 2.40616e+38 2.40616e+38 0 0 0 0 0 0 0 0 0 0 0 0 0 0 0 0 0 0 0 0 0 0 0 0 0 0 0 0 0 0 0 0 0 0 0 0 0 0 0 0 0 0 0 0 0 0 0 0 0 0 0 0 0 0 0 0 0 0 0 0 0 0 0 0 0 0 0 0 0 0 0 0 0 0 0 0 0 0 0 0 0 0 0 0 0 0 0 0 0 0 0 0 0 0 0 0 0 0
0.01 0 0 0 0 0.01 0 0 0 0 0 0.01 2.40616e+38 2.40616e+38 0 0 0 0 0 0 0 0 0 0 0 0 0 0 0 0 0 0 0 0 0 0 0 0 0 0 0 0 0 0 0 0 0 0 0 0 0 0 0 0 0 0 0 0 0 0 0 0 0 0 0 0 0 0 0 0 0 0 0 0 0 0 0 0 0 0 0 0 0 0 0 0 0 0 0 0 0 0 0 0 0 0 0 0 0 0 0 0 0 0 0 0 0 0 0 0 0
0 0 0 0 0.01 0 0.01 0 0 0 0 0 0.01 2.40616e+38 2.40616e+38 0 0 0 0 0 0 0 0 0 0 0 0 0 0 0 0 0 0 0 0 0 0 0 0 0 0 0 0 0 0 0 0 0 0 0 0 0 0 0 0 0 0 0 0 0 0 0 0 0 0 0 0 0 0 0 0 0 0 0 0 0 0 0 0 0 0 0 0 0 0 0 0 0 0 0 0 0 0 0 0 0 0 0 0 0 0 0 0 0 0 0 0 0 0 0 0
0 0 0 0.01 0 0.01 0 0 0 0 0 0 0 0 2.40616e+38 2.40616e+38 0 0 0 0 0 0 0 0 0 0 0 0 0 0 0 0 0 0 0 0 0 0 0 0 0 0 0 0 0 0 0 0 0 0 0 0 0 0 0 0 0 0 0 0 0 0 0 0 0 0 0 0 0 0 0 0 0 0 0 0 0 0 0 0 0 0 0 0 0 0 0 0 0 0 0 0 0 0 0 0 0 0 0 0 0 0 0 0 0 0 0 0 0 0 0
0.01 0 0.01 0 0.01 0 0 0 0 0 0 0 0 0 0 2.40616e+38 2.40616e+38 0 0 0 0 0 0 0 0 0 0 0 0 0 0 0 0 0 0 0 0 0 0 0 0 0 0 0 0 0 0 0 0 0 0 0 0 0 0 0 0 0 0 0 0 0 0 0 0 0 0 0 0 0 0 0 0 0 0 0 0 0 0 0 0 0 0 0 0 0 0 0 0 0 0 0 0 0 0 0 0 0 0 0 0 0 0 0 0 0 0 0 0 0 0
0.02 0.01 0 0.01 0 0 0 0 0 0 0 0 0 0 0 0 2.40616e+38 2.40616e+38 0 0 0 0 0 0 0 0 0 0 0 0 0 0 0 0 0 0 0 0 0 0 0 0 0 0 0 0 0 0 0 0 0 0 0 0 0 0 0 0 0 0 0 0 0 0 0 0 0 0 0 0 0 0 0 0 0 0 0 0 0 0 0 0 0 0 0 0 0 0 0 0 0 0 0 0 0 0 0 0 0 0 0 0 0 0 0 0 0 0 0 0 0
0 0 0 0 0 0 0 0 0 0 0 0 0 0 0 0 0 2.40616e+38 2.40616e+38 0 0 0 0 0 0 0 0 0 0 0 0 0 0 0 0 0 0 0 0 0 0 0 0 0 0 0 0 0 0 0 0 0 0 0 0 0 0 0 0 0 0 0 0 0 0 0 0 0 0 0 0 0 0 0 0 0 0 0 0 0 0 0 0 0 0 0 0 0 0 0 0 0 0 0 0 0 0 0 0 0 0 0 0 0 0 0 0 0 0 0 0
0.02 0.01 0 0 0 0 0 0 0 0 0 0 0 0 0 0 0 0 2.40616e+38 2.40616e+38 0 0 0 0 0 0 0 0 0 0 0 0 0 0 0 0 0 0 0 0 0 0 0 0 0 0 0 0 0 0 0 0 0 0 0 0 0 0 0 0 0 0 0 0 0 0 0 0 0 0 0 0 0 0 0 0 0 0 0 0 0 0 0 0 0 0 0 0 0 0 0 0 0 0 0 0 0 0 0 0 0 0 0 0 0 0 0 0 0 0 0
1.70141e+38 0.01 0 0 0 0 0 0 0 0 0 0 0 0 0 0 0 0 0 2.40616e+38 2.40616e+38 0 0 0 0 0 0 0 0 0 0 0 0 0 0 0 0 0 0 0 0 0 0 0 0 0 0 0 0 0 0 0 0 0 0 0 0 0 0 0 0 0 0 0 0 0 0 0 0 0 0 0 0 0 0 0 0 0 0 0 0 0 0 0 0 0 0 0 0 0 0 0 0 0 0 0 0 0 0 0 0 0 0 0 0 0 0 0 0 0 0
3.80447e+38 2.40616e+38 1.70141e+38 0 0 0 0 0 0 0 0 0 0 0 0 0 0 0 0 0 2.40616e+38 2.40616e+38 1.70141e+38 0 0 0 0 0 0 0 0 0 0 0 0 0 0 0 0 0 0 0 0 0 0 0 0 0 0 0 0 0 0 0 0 0 0 0 0 0 0 0 0 0 0 0 0 0 0 0 0 0 0 0 0 0 0 0 0 0 0 0 0 0 0 0 0 0 0 0 0 0 0 0 0 0 0 0 0 0 0 0 0 0 0 0 0 0 0 0 0
0 1.70141e+38 2.40616e+38 2.40616e+38 0 0 0 0 0 0 0 0 0 0 0 0 0 0 0 0 0 1.70141e+38 2.40616e+38 2.40616e+38 0 0 0 0 0 0 0 0 0 0 0 0 0 0 0 0 0 0 0 0 0 0 0 0 0 0 0 0 0 0 0 0 0 0 0 0 0 0 0 0 0 0 0 0 0 0 0 0 0 0 0 0 0 0 0 0 0 0 0 0 0 0 0 0 0 0 0 0 0 0 0 0 0 0 0 0 0 0 0 0 0 0 0 0 0 0 0
0 0 0 2.40616e+38 2.40616e+38 1.70141e+38 0 0 0 0 0 0 0 0 0 0 0 0 0 0 0 0 0 2.40616e+38 1.70141e+38 0 0 0 0 0 0 0 0 0 0 0 0 0 0 0 0 0 0 0 0 0 0 0 0 0 0 0 0 0 0 0 0 0 0 0 0 0 0 0 0 0 0 0 0 0 0 0 0 0 0 0 0 0 0 0 0 0 0 0 0 0 0 0 0 0 0 0 0 0 0 0 0 0 0 0 0 0 0 0 0 0 0 0 0 0 0
0 0 0 0 1.70141e+38 2.40616e+38 2.40616e+38 0 0 0 0 0 0 0 0 0 0 0 0 0 0 0 0 1.70141e+38 2.40616e+38 1.70141e+38 0 0 0 0 0 0 0 0 0 0 0 0 0 0 0 0 0 0 0 0 0 0 0 0 0 0 0 0 0 0 0 0 0 0 0 0 0 0 0 0 0 0 0 0 0 0 0 0 0 0 0 0 0 0 0 0 0 0 0 0 0 0 0 0 0 0 0 0 0 0 0 0 0 0 0 0 0 0 0 0 0 0 0 0 0
0 0 0 0 0 0 2.40616e+38 2.40616e+38 1.70141e+38 0 0 0 0 0 0 0 0 0 0 0 0 0 0 0 1.70141e+38 2.40616e+38 1.70141e+38 0 0 0 0 0 0 0 0 0 0 0 0 0 0 0 0 0 0 0 0 0 0 0 0 0 0 0 0 0 0 0 0 0 0 0 0 0 0 0 0 0 0 0 0 0 0 0 0 0 0 0 0 0 0 0 0 0 0 0 0 0 0 0 0 0 0 0 0 0 0 0 0 0 0 0 0 0 0 0 0 0 0 0 0
0 0 0 0 0 0 0 1.70141e+38 2.40616e+38 2.40616e+38 0.01 0 0 0 0 0 0 0 0 0 0 0 0 0 0 1.70141e+38 2.40616e+38 1.70141e+38 0 0 0 0 0 0 0 0 0 0 0 0 0 0 0 0 0 0 0 0 0 0 0 0 0 0 0 0 0 0 0 0 0 0 0 0 0 0 0 0 0 0 0 0 0 0 0 0 0 0 0 0 0 0 0 0 0 0 0 0 0 0 0 0 0 0 0 0 0 0 0 0 0 0 0 0 0 0 0 0 0 0 0
0 0 0 0 0 0 0 0 0 2.40616e+38 2.40616e+38 1.70141e+38 0 0 0 0 0 0 0 0 0 0 0 0 0 0 1.70141e+38 2.40616e+38 2.40616e+38 0 0 0 0 0 0 0 0 0 0 0 0 0 0 0 0 0 0 0 0 0 0 0 0 0 0 0 0 0 0 0 0 0 0 0 0 0 0 0 0 0 0 0 0 0 0 0 0 0 0 0 0 0 0 0 0 0 0 0 0 0 0 0 0 0 0 0 0 0 0 0 0 0 0 0 0 0 0 0 0 0 0
0 0 0 0 0 0 0 0 0 0 1.70141e+38 2.40616e+38 2.40616e+38 0 0 0 0 0 0 0 0 0 0 0 0 0 0 0 2.40616e+38 2.40616e+38 0 0 0 0 0 0 0 0 0 0 0 0 0 0 0 0 0 0 0 0 0 0 0 0 0 0 0 0 0 0 0 0 0 0 0 0 0 0 0 0 0 0 0 0 0 0 0 0 0 0 0 0 0 0 0 0 0 0 0 0 0 0 0 0 0 0 0 0 0 0 0 0 0 0 0 0 0 0 0 0 0
0 0 0 0 0 0 0 0 0 0 0 0 2.40616e+38 2.40616e+38 0.01 0 0 0 0 0 0 0 0 0 0 0 0 0 0 2.40616e+38 2.40616e+38 0 0 0 0 0 0 0 0 0 0 0 0 0 0 0 0 0 0 0 0 0 0 0 0 0 0 0 0 0 0 0 0 0 0 0 0 0 0 0 0 0 0 0 0 0 0 0 0 0 0 0 0 0 0 0 0 0 0 0 0 0 0 0 0 0 0 0 0 0 0 0 0 0 0 0 0 0 0 0 0
0 0 0 0 0 0 0 0 0 0 0 0 0 2.40616e+38 2.40616e+38 1.70141e+38 0 0 0 0 0 0 0 0 0 0 0 0 0 0 2.40616e+38 2.40616e+38 0 0 0 0 0 0 0 0 0 0 0 0 0 0 0 0 0 0 0 0 0 0 0 0 0 0 0 0 0 0 0 0 0 0 0 0 0 0 0 0 0 0 0 0 0 0 0 0 0 0 0 0 0 0 0 0 0 0 0 0 0 0 0 0 0 0 0 0 0 0 0 0 0 0 0 0 0 0 0
0 0 0 0 0 0 0 0 0 0 0 0 0 0 1.70141e+38 2.40616e+38 2.40616e+38 0 0 0 0 0 0 0 0 0 0 0 0 0 0 2.40616e+38 2.40616e+38 0 0 0 0 0 0 0 0 0 0 0 0 0 0 0 0 0 0 0 0 0 0 0 0 0 0 0 0 0 0 0 0 0 0 0 0 0 0 0 0 0 0 0 0 0 0 0 0 0 0 0 0 0 0 0 0 0 0 0 0 0 0 0 0 0 0 0 0 0 0 0 0 0 0 0 0 0 0
0 0 0 0 0 0 0 0 0 0 0 0 0 0 0 0 2.40616e+38 2.40616e+38 1.70141e+38 0 0 0 0 0 0 0 0 0 0 0 0 0.01 2.40616e+38 2.40616e+38 0 0 0 0 0 0 0 0 0 0 0 0 0 0 0 0 0 0 0 0 0 0 0 0 0 0 0 0 0 0 0 0 0 0 0 0 0 0 0 0 0 0 0 0 0 0 0 0 0 0 0 0 0 0 0 0 0 0 0 0 0 0 0 0 0 0 0 0 0 0 0 0 0 0 0 0 0
0 0 0 0 0 0 0 0 0 0 0 0 0 0 0 0 0 1.70141e+38 2.40616e+38 2.40616e+38 0 0 0 0 0 0 0 0 0 0 0 0 0.0141421 2.40616e+38 2.40616e+38 0 0 0 0 0 0 0 0 0 0 0 0 0 0 0 0 0 0 0 0 0 0 0 0 0 0 0 0 0 0 0 0 0 0 0 0 0 0 0 0 0 0 0 0 0 0 0 0 0 0 0 0 0 0 0 0 0 0 0 0 0 0 0 0 0 0 0 0 0 0 0 0 0 0 0 0
0 0 0 0 0 0 0 0 0 0 0 0 0 0 0 0 0 0 0 2.40616e+38 2.40616e+38 1.70141e+38 0 0 0 0 0 0 0 0 0 0 0 0.01 2.40616e+38 2.40616e+38 0 0 0 0 0 0 0 0 0 0 0 0 0 0 0 0 0 0 0 0 0 0 0 0 0 0 0 0 0 0 0 0 0 0 0 0 0 0 0 0 0 0 0 0 0 0 0 0 0 0 0 0 0 0 0 0 0 0 0 0 0 0 0 0 0 0 0 0 0 0 0 0 0 0 0
0 0 0 0 0 0 0 0 0 0 0 0 0 0 0 0 0 0 0 0 1.70141e+38 2.40616e+38 2.40616e+38 0.01 0 0 0 0 0 0 0 0 0 0 0 2.40616e+38 2.40616e+38 0 0 0 0 0 0 0 0 0 0 0 0 0 0 0 0 0 0 0 0 0 0 0 0 0 0 0 0 0 0 0 0 0 0 0 0 0 0 0 0 0 0 0 0 0 0 0 0 0 0 0 0 0 0 0 0 0 0 0 0 0 0 0 0 0 0 0 0 0 0 0 0 0 0
0 0 0 0 0 0 0 0 0 0 0 0 0 0 0 0 0 0 0 0 0 0 2.40616e+38 2.40616e+38 0.0141421 0 0 0 0 0 0 0 0 0 0 0 2.40616e+38 2.40616e+38 0 0 0 0 0 0 0 0 0 0 0 0 0 0 0 0 0 0 0 0 0 0 0 0 0 0 0 0 0 0 0 0 0 0 0 0 0 0 0 0 0 0 0 0 0 0 0 0 0 0 0 0 0 0 0 0 0 0 0 0 0 0 0 0 0 0 0 0 0 0 0 0 0
0 0 0 0 0 0 0 0 0 0 0 0 0 0 0 0 0 0 0 0 0 0 0 2.40616e+38 2.40616e+38 1.70141e+38 0 0 0 0 0 0 0 0 0 0 0 2.40616e+38 2.40616e+38 0 0 0 0 0 0 0 0 0 0 0 0 0 0 0 0 0 0 0 0 0 0 0 0 0 0 0 0 0 0 0 0 0 0 0 0 0 0 0 0 0 0 0 0 0 0 0 0 0 0 0 0 0 0 0 0 0 0 0 0 0 0 0 0 0 0 0 0 0 0 0 0
0 0 0 0 0 0 0 0 0 0 0 0 0 0 0 0 0 0 0 0 0 0 0 0 1.70141e+38 2.40616e+38 2.40616e+38 1.70141e+38 0 0 0 0 0 0 0 0 0 0 2.40616e+38 1.70141e+38 0 0 0 0 0 0 0 0 0 0 0 0 0 0 0 0 0 0 0 0 0 0 0 0 0 0 0 0 0 0 0 0 0 0 0 0 0 0 0 0 0 0 0 0 0 0 0 0 0 0 0 0 0 0 0 0 0 0 0 0 0 0 0 0 0 0 0 0 0 0 0
0 0 0 0 0 0 0 0 0 0 0 0 0 0 0 0 0 0 0 0 0 0 0 0 0 0 1.70141e+38 2.40616e+38 2.40616e+38 0.01 0 0 0 0 0 0 0 0 1.70141e+38 2.40616e+38 1.70141e+38 0 0 0 0 0 0 0 0 0 0 0 0 0 0 0 0 0 0 0 0 0 0 0 0 0 0 0 0 0 0 0 0 0 0 0 0 0 0 0 0 0 0 0 0 0 0 0 0 0 0 0 0 0 0 0 0 0 0 0 0 0 0 0 0 0 0 0 0 0 0
0 0 0 0 0 0 0 0 0 0 0 0 0 0 0 0 0 0 0 0 0 0 0 0 0 0 0 0 2.40616e+38 2.40616e+38 0.0141421 1.5 0 0 0 0 0 0 0 1.70141e+38 2.40616e+38 2.40616e+38 0 0 0 0 0 0 0 0 0 0 0 0 0 0 0 0 0 0 0 0 0 0 0 0 0 0 0 0 0 0 0 0 0 0 0 0 0 0 0 0 0 0 0 0 0 0 0 0 0 0 0 0 0 0 0 0 0 0 0 0 0 0 0 0 0 0 0 0 0
0 0 0 0 0 0 0 0 0 0 0 0 0 0 0 0 0 0 0 0 0 0 0 0 0 0 0 0 0 2.40616e+38 2.40616e+38 1.50003 2.03148 0 0 0 0 0.01 0 0 0.01 2.40616e+38 2.40616e+38 0 0 0 0 0 0 0 0 0 0 0 0 0 0 0 0 0 0 0 0 0 0 0 0 0 0 0 0 0 0 0 0 0 0 0 0 0 0 0 0 0 0 0 0 0 0 0 0 0 0 0 0 0 0 0 0 0 0 0 0 0 0 0 0 0 0 0 0
0 0 0 0 0 0 0 0 0 0 0 0 0 0 0 0 0 0 0 0 0 0 0 0 0 0 0 0 0 0 2.40616e+38 1.70141e+38 1.5 1.37 0 0 0.01 0 0.01 0 0.0141421 0 2.40616e+38 2.40616e+38 0 0 0 0 0 0 0 0 0 0 0 0 0 0 0 0 0 0 0 0 0 0 0 0 0 0 0 0 0 0 0 0 0 0 0 0 0 0 0 0 0 0 0 0 0 0 0 0 0 0 0 0 0 0 0 0 0 0 0 0 0 0 0 0 0 0 0
0 0 0 0 0 0 0 0 0 0 0 0 0 0 0 0 0 0 0 0 0 0 0 0 0 0 0 0 0 0 1.70141e+38 1.70141e+38 1.49003 0 0 0 0 0.01 0 0.0141421 0 0 0 2.40616e+38 2.40616e+38 0 0 0 0 0 0 0 0 0 0 0 0 0 0 0 0 0 0 0 0 0 0 0 0 0 0 0 0 0 0 0 0 0 0 0 0 0 0 0 0 0 0 0 0 0 0 0 0 0 0 0 0 0 0 0 0 0 0 0 0 0 0 0 0 0 0
0 0 0 0 0 0 0 0 0 0 0 0 0 0 0 0 0 0 0 0 0 0 0 0 0 0 0 0 0 0 1.70141e+38 1.70141e+38 1.46 1.38 0 0 0 0 1.70141e+38 0 0 0 0.0141421 0 2.40616e+38 2.40616e+38 0 0 0 0 0 0 0 0 0 0 0 0 0 0 0 0 0 0 0 0 0 0 0 0 0 0 0 0 0 0 0 0 0 0 0 0 0 0 0 0 0 0 0 0 0 0 0 0 0 0 0 0 0 0 0 0 0 0 0 0 0 0 0 0 0
0 0 0 0 0 0 0 0 0 0 0 0 0 0 0 0 0 0 0 0 0 0 0 0 0 0 0 0 0 0 1.70141e+38 1.70141e+38 1.43031 0 0 0 0 2.40616e+38 0 1.70141e+38 0 0.0141421 0 0 0 2.40616e+38 2.40616e+38 0 0 0 0 0 0 0 0 0 0 0 0 0 0 0 0 0 0 0 0 0 0 0 0 0 0 0 0 0 0 0 0 0 0 0 0 0 0 0 0 0 0 0 0 0 0 0 0 0 0 0 0 0 0 0 0 0 0 0 0 0 0 0 0
0 0 0 0 0 0 0 0 0 0 0 0 0 0 0 0 0 0 0 0 0 0 0 0 0 0 0 0 0 0 1.70141e+38 1.70141e+38 1.44921 1.35 0 0 1.70141e+38 0 2.40616e+38 0 0.01 0 0 0 0 0 2.40616e+38 1.70141e+38 0 0 0 0 0 0 0 0 0 0 0 0 0 0 0 0 0 0 0 0 0 0 0 0 0 0 0 0 0 0 0 0 0 0 0 0 0 0 0 0 0 0 0 0 0 0 0 0 0 0 0 0 0 0 0 0 0 0 0 0 0 0 0
0 0 0 0 0 0 0 0 0 0 0 0 0 0 0 0 0 0 0 0 0 0 0 0 0 0 0 0 0 0 1.70141e+38 1.70141e+38 1.5199 0.41 0 1.70141e+38 0 0.01 0 0 0 0 0 0 0 0.01 2.40616e+38 1.70141e+38 0 0 0 0 0 0 0 0 0 0 0 0 0 0 0 0 0 0 0 0 0 0 0 0 0 0 0 0 0 0 0 0 0 0 0 0 0 0 0 0 0 0 0 0 0 0 0 0 0 0 0 0 0 0 0 0 0 0 0 0 0 0 0
0 0 0 0 0 0 0 0 0 0 0 0 0 0 0 0 0 0 0 0 0 0 0 0 0 0 0 0 0 0 1.70141e+38 1.70141e+38 1.58597 1.05 2.40616e+38 0 0.01 0 1.70141e+38 0 0 0 0 0 0 2.40616e+38 2.40616e+38 1.70141e+38 1.70141e+38 0 0 0 0 0 0 0 0 0 0 0 0 0 0 0 0 0 0 0 0 0 0 0 0 0 0 0 0 0 0 0 0 0 0 0 0 0 0 0 0 0 0 0 0 0 0 0 0 0 0 0 0 0 0 0 0 0 0 0 0 0 0
0 0 0 0 0 0 0 0 0 0 0 0 0 0 0 0 0 0 0 0 0 0 0 0 0 0 0 0 0 0 1.70141e+38 1.70141e+38 1.47763 2.40616e+38 0 2.40616e+38 0 1.70141e+38 0 0 0 0 0 0 1.70141e+38 2.40616e+38 2.40616e+38 2.40616e+38 1.70141e+38 2.40616e+38 1.70141e+38 0 0 0 0 0 0 0 0 0 0 0 0 0 0 0 0 0 0 0 0 0 0 0 0 0 0 0 0 0 0 0 0 0 0 0 0 0 0 0 0 0 0 0 0 0 0 0 0 0 0 0 0 0 0 0 0 0 0 0 0
0 0 0 0 0 0 0 0 0 0 0 0 0 0 0 0 0 0 0 0 0 0 0 0 0 0 0 0 0 0 1.70141e+38 1.70141e+38 1.70141e+38 0.9 2.40616e+38 0 0.01 0 0 0 0 0 0 0 1.70141e+38 0.01 2.40616e+38 2.40616e+38 0 2.40616e+38 1.70141e+38 1.70141e+38 0 0 0 0 0 0 0 0 0 0 0 0 0 0 0 0 0 0 0 0 0 0 0 0 0 0 0 0 0 0 0 0 0 0 0 0 0 0 0 0 0 0 0 0 0 0 0 0 0 0 0 0 0 0 0 0 0 0 0
0 0 0 0 0 0 0 0 0 0 0 0 0 0 0 0 0 0 0 0 0 0 0 0 0 0 0 0 0 0 1.70141e+38 1.70141e+38 1.4442 1.70141e+38 0 0.01 0 0.01 0 0 0 0 0 0 1.70141e+38 1.70141e+38 1.70141e+38 0 2.40616e+38 2.40616e+38 2.40616e+38 1.70141e+38 1.70141e+38 0 0 0 0 0 0 0 0 0 0 0 0 0 0 0 0 0 0 0 0 0 0 0 0 0 0 0 0 0 0 0 0 0 0 0 0 0 0 0 0 0 0 0 0 0 0 0 0 0 0 0 0 0 0 0 0 0 0
0 0 0 0 0 0 0 0 0 0 0 0 0 0 0 0 0 0 0 0 0 0 0 0 0 0 0 0 0 0 1.70141e+38 1.70141e+38 1.42425 1.01 0 0 0.01 0 0 0 0 0 0 0 0 2.40616e+38 0 2.40616e+38 2.40616e+38 2.40616e+38 2.40616e+38 2.40616e+38 1.70141e+38 1.70141e+38 0 0 0 0 0 0 0 0 0 0 0 0 0 0 0 0 0 0 0 0 0 0 0 0 0 0 0 0 0 0 0 0 0 0 0 0 0 0 0 0 0 0 0 0 0 0 0 0 0 0 0 0 0 0 0 0 0
0 0 0 0 0 0 0 0 0 0 0 0 0 0 0 0 0 0 0 0 0 0 0 0 0 0 0 0 0 0 1.70141e+38 1.70141e+38 1.41287 1.06 0 0 0 0 0 0 0 0 0 0 0.01 0 1.70141e+38 2.40616e+38 2.40616e+38 2.40616e+38 2.40616e+38 2.40616e+38 2.40616e+38 0 0 0 0 0 0 0 0 0 0 0 0 0 0 0 0 0 0 0 0 0 0 0 0 0 0 0 0 0 0 0 0 0 0 0 0 0 0 0 0 0 0 0 0 0 0 0 0 0 0 0 0 0 0 0 0 0 0
0 0 0 0 0 0 0 0 0 0 0 0 0 0 0 0 0 0 0 0 0 0 0 0 0 0 0 0 0 0 1.70141e+38 1.70141e+38 1.39807 1.1 0 0 0 0 0 0 0 0 0 0 0 0.01 1.70141e+38 2.40616e+38 2.40616e+38 2.40616e+38 2.40616e+38 2.40616e+38 0 0 0 0 0 0 0 0 0 0 0 0 0 0 0 0 0 0 0 0 0 0 0 0 0 0 0 0 0 0 0 0 0 0 0 0 0 0 0 0 0 0 0 0 0 0 0 0 0 0 0 0 0 0 0 0 0 0 0
0 0 0 0 0 0 0 0 0 0 0 0 0 0 0 0 0 0 0 0 0 0 0 0 0 0 0 0 0 0 1.70141e+38 1.70141e+38 1.38708 1.21 0 0 0 0 0 0 0 0 0 0 0 1.70141e+38 2.40616e+38 1.70141e+38 2.40616e+38 2.40616e+38 2.40616e+38 0 0 0 1.70141e+38 0 1.70141e+38 0 0 0 0 0 0 0 0 0 0 0 0 0 0 0 0 0 0 0 0 0 0 0 0 0 0 0 0 0 0 0 0 0 0 0 0 0 0 0 0 0 0 0 0 0 0 0 0 0 0 0 0 0 0
0 0 0 0 0 0 0 0 0 0 0 0 0 0 0 0 0 0 0 0 0 0 0 0 0 0 0 0 0 0 1.70141e+38 1.70141e+38 1.36235 1.24 0 0 0 0 0 0 0 1.70141e+38 0 0 2.40616e+38 2.40616e+38 1.70141e+38 2.40616e+38 2.40616e+38 2.40616e+38 0 0 0 2.40616e+38 1.70141e+38 1.70141e+38 1.70141e+38 2.40616e+38 0 0 0 0 0 0 0 0 0 0 0 0 0 0 0 0 0 0 0 0 0 0 0 0 0 0 0 0 0 0 0 0 0 0 0 0 0 0 0 0 0 0 0 0 0 0 0 0 0 0 0 0 0
0 0 0 0 0 0 0 0 0 0 0 0 0 0 0 0 0 0 0 0 0 0 0 0 0 0 0 0 0 0 1.70141e+38 1.70141e+38 1.49215 1.13 0 0 0 0 1.70141e+38 0 2.40616e+38 0 1.70141e+38 2.40616e+38 2.40616e+38 2.40616e+38 2.40616e+38 1.70141e+38 2.40616e+38 0 0 0 2.40616e+38 2.40616e+38 0 1.70141e+38 0 1.70141e+38 2.40616e+38 0 0 0 0 0 0 0 0 0 0 0 0 0 0 0 0 0 0 0 0 0 0 0 0 0 0 0 0 0 0 0 0 0 0 0 0 0 0 0 0 0 0 0 0 0 0 0 0 0 0 0 0
0 0 0 0 0 0 0 0 0 0 0 0 0 0 0 0 0 0 0 0 0 0 0 0 0 0 0 0 0 0 1.70141e+38 1.70141e+38 1.47218 1.16 0 0 0 1.70141e+38 0 0.01 0 2.40616e+38 2.40616e+38 2.40616e+38 2.40616e+38 2.40616e+38 0 1.70141e+38 1.70141e+38 1.70141e+38 1.70141e+38 2.40616e+38 2.40616e+38 0 0 0 2.40616e+38 0.0141421 1.70141e+38 2.40616e+38 0 0 0 0 0 0 0 0 0 0 0 0 0 0 0 0 0 0 0 0 0 0 0 0 0 0 0 0 0 0 0 0 0 0 0 0 0 0 0 0 0 0 0 0 0 0 0 0 0 0 0
0 0 0 0 0 0 0 0 0 0 0 0 0 0 0 0 0 0 0 0 0 0 0 0 0 0 0 0 0 0 1.70141e+38 1.70141e+38 1.46014 1.21 0 0 0 0 1.70141e+38 0 1.70141e+38 2.40616e+38 2.40616e+38 2.40616e+38 2.40616e+38 1.70141e+38 1.70141e+38 2.40616e+38 0 2.40616e+38 1.70141e+38 1.70141e+38 0 0 0 1.70141e+38 0.01 2.40616e+38 0.843149 2.40616e+38 2.40616e+38 1.70141e+38 0 0 0 0 0 0 0 0 0 0 0 0 0 0 0 0 0 0 0 0 0 0 0 0 0 0 0 0 0 0 0 0 0 0 0 0 0 0 0 0 0 0 0 0 0 0 0 0 0
0 0 0 0 0 0 0 0 0 0 0 0 0 0 0 0 0 0 0 0 0 0 0 0 0 0 0 0 0 0 1.70141e+38 1.70141e+38 1.49054 1.18 0 0 0 0 0 0.01 1.70141e+38 2.40616e+38 2.40616e+38 2.40616e+38 1.70141e+38 2.40616e+38 1.70141e+38 0 2.40616e+38 1.70141e+38 0.01 0 0 0 1.70141e+38 0 1.70141e+38 0.690072 0.72 0.27074 1.70141e+38 2.40616e+38 2.40616e+38 0 0 0 0 0 0 0 0 0 0 0 0 0 0 0 0 0 0 0 0 0 0 0 0 0 0 0 0 0 0 0 0 0 0 0 0 0 0 0 0 0 0 0 0 0 0 0 0
0 0 0 0 0 0 0 0 0 0 0 0 0 0 0 0 0 0 0 0 0 0 0 0 0 0 0 0 0 0 1.70141e+38 1.70141e+38 1.49121 1.17 0 0 0 0 0 0 1.70141e+38 1.70141e+38 2.40616e+38 1.70141e+38 2.40616e+38 2.40616e+38 2.40616e+38 2.40616e+38 1.70141e+38 0.01 0 0 0 2.40616e+38 0 1.70141e+38 0 0 0.90802 0.918314 0.0141421 0.16 2.40616e+38 2.40616e+38 0 0 0 0 0 0 0 0 0 0 0 0 0 0 0 0 0 0 0 0 0 0 0 0 0 0 0 0 0 0 0 0 0 0 0 0 0 0 0 0 0 0 0 0 0 0 0
0 0 0 0 0 0 0 0 0 0 0 0 0 0 0 0 0 0 0 0 0 0 0 0 0 0 0 0 0 0 1.70141e+38 1.70141e+38 1.47122 1.24 0 0 0 0 0 0 0.01 1.70141e+38 2.40616e+38 2.40616e+38 2.40616e+38 2.40616e+38 1.70141e+38 0 0 0 0 0.01 2.40616e+38 0 2.40616e+38 0 0 0.180278 0.15 1.70141e+38 0.71 0.222036 0.160312 2.40616e+38 2.40616e+38 0 0 0 0 0 0 0 0 0 0 0 0 0 0 0 0 0 0 0 0 0 0 0 0 0 0 0 0 0 0 0 0 0 0 0 0 0 0 0 0 0 0 0 0 0 0
0 0 0 0 0 0 0 0 0 0 0 0 0 0 0 0 0 0 0 0 0 0 0 0 0 0 0 0 0 0 1.70141e+38 1.70141e+38 1.49777 1.23 0 0 0 0 0 0 0 2.40616e+38 2.40616e+38 0 1.70141e+38 1.70141e+38 0 0 0 0 0.01 1.70141e+38 0.01 2.40616e+38 0 0 0.1 0 1.70141e+38 1.70141e+38 1.70141e+38 0.212603 0.0583095 0.160312 2.40616e+38 2.40616e+38 0 0 0 0 0 0 0 0 0 0 0 0 0 0 0 0 0 0 0 0 0 0 0 0 0 0 0 0 0 0 0 0 0 0 0 0 0 0 0 0 0 0 0 0 0
0 0 0 0 0 0 0 0 0 0 0 0 0 0 0 0 0 0 0 0 0 0 0 0 0 0 0 0 0 0 1.70141e+38 1.70141e+38 1.49566 1.47 0 0 0 0 0 0 1.70141e+38 2.40616e+38 0 0 1.70141e+38 1.70141e+38 0 0 0 0 0 0.01 1.70141e+38 0 0 1.70141e+38 0 0.148661 2.40616e+38 0.6 1.70141e+38 0.192094 0.212603 0.202485 0.15 2.40616e+38 2.40616e+38 0 0 0 0 0 0 0 0 0 0 0 0 0 0 0 0 0 0 0 0 0 0 0 0 0 0 0 0 0 0 0 0 0 0 0 0 0 0 0 0 0 0 0 0
0 0 0 0 0 0 0 0 0 0 0 0 0 0 0 0 0 0 0 0 0 0 0 0 0 0 0 0 0 0 1.70141e+38 1.70141e+38 1.53375 1.36 0 0 0 0 0 0 2.40616e+38 1.70141e+38 0 1.70141e+38 2.40616e+38 1.70141e+38 0 0 0 0 0 0 0 0 2.40616e+38 0 1.70141e+38 2.40616e+38 2.40616e+38 2.40616e+38 2.40616e+38 1.70141e+38 0.690072 0.71 0.01 0.730068 2.40616e+38 1.70141e+38 0 0 0 0 0 0 0 0 0 0 0 0 0 0 0 0 0 0 0 0 0 0 0 0 0 0 0 0 0 0 0 0 0 0 0 0 0 0 0 0 0 0 0
0 0 0 0 0 0 0 0 0 0 0 0 0 0 0 0 0 0 0 0 0 0 0 0 0 0 0 0 0 0 1.70141e+38 1.70141e+38 1.50403 1.15 0 0 0 0 0 1.70141e+38 2.40616e+38 0 2.40616e+38 2.40616e+38 1.70141e+38 0 0 0 0 0 0 0 0 2.40616e+38 0 2.40616e+38 2.40616e+38 2.40616e+38 2.40616e+38 1.70141e+38 2.40616e+38 1.70141e+38 1.70141e+38 0.813449 0.918314 0.730274 1.70141e+38 1.70141e+38 0 0 0 0 0 0 0 0 0 0 0 0 0 0 0 0 0 0 0 0 0 0 0 0 0 0 0 0 0 0 0 0 0 0 0 0 0 0 0 0 0 0 0
0 0 0 0 0 0 0 0 0 0 0 0 0 0 0 0 0 0 0 0 0 0 0 0 0 0 0 0 0 0 1.70141e+38 1.70141e+38 1.51605 1.25 0 0 0 0 0 1.70141e+38 1.70141e+38 1.70141e+38 2.40616e+38 0 0 0 0 0 0.01 0 0 0 2.40616e+38 0 2.40616e+38 2.40616e+38 2.40616e+38 2.40616e+38 1.70141e+38 2.40616e+38 1.70141e+38 2.40616e+38 0.145602 0.212132 0.90802 0.787909 2.40616e+38 1.70141e+38 0 0 0 0 0 0 0 0 0 0 0 0 0 0 0 0 0 0 0 0 0 0 0 0 0 0 0 0 0 0 0 0 0 0 0 0 0 0 0 0 0 0 0
0 0 0 0 0 0 0 0 0 0 0 0 0 0 0 0 0 0 0 0 0 0 0 0 0 0 0 0 0 0 1.70141e+38 1.70141e+38 1.50562 0.93 0 0 0 0 0 1.70141e+38 1.70141e+38 2.40616e+38 1.70141e+38 1.70141e+38 0 0 0 0.0141421 0 0.01 0 2.40616e+38 0 2.40616e+38 2.40616e+38 2.40616e+38 2.40616e+38 1.70141e+38 2.40616e+38 1.70141e+38 2.40616e+38 0.11 0.15 0.15 0 1.70141e+38 2.40616e+38 0 0 1.70141e+38 0 0 0 0 0 0 0 0 0 0 0 0 0 0 0 0 0 0 0 0 0 0 0 0 0 0 0 0 0 0 0 0 0 0 0 0 0 0 0 0 0
0 0 0 0 0 0 0 0 0 0 0 0 0 0 0 0 0 0 0 0 0 0 0 0 0 0 0 0 0 0 1.70141e+38 1.70141e+38 1.5027 1.12 0 0 0 0 0 1.70141e+38 1.70141e+38 2.40616e+38 2.40616e+38 0 1.70141e+38 1.70141e+38 1.70141e+38 0 0.0141421 0 2.40616e+38 0 2.40616e+38 2.40616e+38 2.40616e+38 2.40616e+38 2.40616e+38 2.40616e+38 1.70141e+38 2.40616e+38 0 0 0 0 0 1.70141e+38 1.70141e+38 0 2.40616e+38 1.70141e+38 2.40616e+38 0 0 0 0 0 0 0 0 0 0 0 0 0 0 0 0 0 0 0 0 0 0 0 0 0 0 0 0 0 0 0 0 0 0 0 0 0 0 0 0
0 0 0 0 0 0 0 0 0 0 0 0 0 0 0 0 0 0 0 0 0 0 0 0 0 0 0 0 0 0 1.70141e+38 1.70141e+38 1.50562 0.84 0 0 0 0 0 0 1.70141e+38 2.40616e+38 0 2.40616e+38 2.40616e+38 2.40616e+38 1.70141e+38 1.70141e+38 0 2.40616e+38 0 2.40616e+38 2.40616e+38 2.40616e+38 2.40616e+38 2.40616e+38 2.40616e+38 0.01 2.40616e+38 0 0 0 0 0 1.70141e+38 2.40616e+38 2.40616e+38 2.40616e+38 2.40616e+38 0.01 1.70141e+38 1.70141e+38 0 0 0 0 0 0 0 0 0 0 0 0 0 0 0 0 0 0 0 0 0 0 0 0 0 0 0 0 0 0 0 0 0 0 0 0 0 0 0
0 0 0 0 0 0 0 0 0 0 0 0 0 0 0 0 0 0 0 0 0 0 0 0 0 0 0 0 0 0 1.70141e+38 1.70141e+38 1.53805 1.25 0 0 0 0 0 0 1.70141e+38 0 2.40616e+38 1.70141e+38 1.70141e+38 2.40616e+38 2.40616e+38 0 2.40616e+38 0.01 2.40616e+38 2.40616e+38 2.40616e+38 2.40616e+38 2.40616e+38 2.40616e+38 0.01 2.40616e+38 0 0 0 0 0 2.40616e+38 2.40616e+38 2.40616e+38 2.40616e+38 1.70141e+38 0.0141421 2.40616e+38 2.40616e+38 0 0 0 0 0 0 0 0 0 0 0 0 0 0 0 0 0 0 0 0 0 0 0 0 0 0 0 0 0 0 0 0 0 0 0 0 0 0 0 0
0 0 0 0 0 0 0 0 0 0 0 0 0 0 0 0 0 0 0 0 0 0 0 0 0 0 0 0 0 0 1.70141e+38 1.70141e+38 1.69068 0.5 0 0 0 0 0 0 0 1.70141e+38 0 0 1.70141e+38 1.70141e+38 0 2.40616e+38 0.01 2.40616e+38 2.40616e+38 2.40616e+38 2.40616e+38 2.40616e+38 2.40616e+38 0 2.40616e+38 0 0 0 0 1.70141e+38 2.40616e+38 1.70141e+38 1.70141e+38 2.40616e+38 1.70141e+38 0.01 2.40616e+38 2.40616e+38 0 0 0 0 0 0 0 0 0 0 0 0 0 0 0 0 0 0 0 0 0 0 0 0 0 0 0 0 0 0 0 0 0 0 0 0 0 0 0 0 0
0 0 0 0 0 0 0 0 0 0 0 0 0 0 0 0 0 0 0 0 0 0 0 0 0 0 0 0 0 0 1.70141e+38 1.70141e+38 1.57801 0.47 0 0 0 0 0 0 0 0 0 0 0 0 1.70141e+38 0.01 2.40616e+38 1.70141e+38 1.70141e+38 2.40616e+38 2.40616e+38 2.40616e+38 0.01 2.40616e+38 0 0 0 0 1.70141e+38 1.70141e+38 2.40616e+38 1.70141e+38 1.70141e+38 1.70141e+38 0 2.40616e+38 2.40616e+38 0 0 0 0 0 0 0 0 0 0 0 0 0 0 0 0 0 0 0 0 0 0 0 0 0 0 0 0 0 0 0 0 0 0 0 0 0 0 0 0 0 0
0 0 0 0 0 0 0 0 0 0 0 0 0 0 0 0 0 0 0 0 0 0 0 0 0 0 0 0 0 0 1.70141e+38 1.70141e+38 1.5632 0.99 0 0 0 0 0 0 0 0 0 0 0 0 0.01 1.70141e+38 1.70141e+38 0.01 1.70141e+38 1.70141e+38 2.40616e+38 0.01 2.40616e+38 0 0 0 0 0 0 2.40616e+38 1.70141e+38 1.70141e+38 1.70141e+38 0 1.70141e+38 2.40616e+38 0 0 0 0 0 0 0 0 0 0 0 0 0 0 0 0 0 0 0 0 0 0 0 0 0 0 0 0 0 0 0 0 0 0 0 0 0 0 0 0 0 0 0
0 0 0 0 0 0 0 0 0 0 0 0 0 0 0 0 0 0 0 0 0 0 0 0 0 0 0 0 0 0 1.70141e+38 1.70141e+38 1.50003 0.91 0 0 0 0 0 0 0 0 0 0 0 0 0.01 1.70141e+38 0.01 1.70141e+38 0.01 1.70141e+38 0.01 2.40616e+38 0 0 0 0 0 0 0 1.70141e+38 1.70141e+38 2.40616e+38 0 1.70141e+38 1.70141e+38 1.70141e+38 0 0 0 0 0 0 0 0 0 0 0 0 0 0 0 0 0 0 0 0 0 0 0 0 0 0 0 0 0 0 0 0 0 0 0 0 0 0 0 0 0 0 0
0 0 0 0 0 0 0 0 0 0 0 0 0 0 0 0 0 0 0 0 0 0 0 0 0 0 0 0 0 0 1.70141e+38 1.70141e+38 1.5012 0.98 0 0 0 0 0 0 0 0 0 0 0 0.01 0 0.01 1.70141e+38 0.01 1.70141e+38 0.0141421 1.70141e+38 0.01 0 0 0 0 0 0 0 0 1.70141e+38 0 1.70141e+38 1.70141e+38 1.70141e+38 1.70141e+38 0 0 0 0 0 0 0 0 0 0 0 0 0 0 0 0 0 0 0 0 0 0 0 0 0 0 0 0 0 0 0 0 0 0 0 0 0 0 0 0 0 0 0
0 0 0 0 0 0 0 0 0 0 0 0 0 0 0 0 0 0 0 0 0 0 0 0 0 0 0 0 0 0 1.70141e+38 1.70141e+38 1.50479 0.85 0 0 0 0 0 0 0 0 0 0 0 0 0.01 0 0 1.70141e+38 0.01 1.70141e+38 0.0141421 0 0 0 0.01 1.70141e+38 0 0 0 0 0 0 1.70141e+38 1.70141e+38 1.70141e+38 1.70141e+38 0 0 0 0 0 0 0 0 0 0 0 1.70141e+38 0 0 0 0 0 0 0 0 0 0 0 0 0 0 0 0 0 0 0 0 0 0 0 0 0 0 0 0 0 0 0
0 0 0 0 0 0 0 0 0 0 0 0 0 0 0 0 0 0 0 0 0 0 0 0 0 0 0 0 0 0 2.40616e+38 1.70141e+38 1.72409 0.86 0 0 0 0 0 0 0.33 0.33 0.17 0.17 0.17 0.17 0.17 0.17 0.17 0.17 1.70141e+38 0.18 0.233452 0.18 0.17 0.170294 1.70141e+38 0.170294 1.70141e+38 0.34 0.34 0 1.70141e+38 0 1.70141e+38 1.70141e+38 1.70141e+38 1.70141e+38 1.70141e+38 0 0 1.70141e+38 1.70141e+38 1.70141e+38 0 0 0 0 2.40616e+38 1.70141e+38 2.40616e+38 0 0 0 0 0 0 0 0 0 0 0 0 0 0 0 0 0 0 0 0 0 0 0 0 0 0 0 0 0 0
0 0 0 0 0 0 0 0 0 0 0 0 0 0 0 0 0 0 0 0 0 0 0 0 0 0 0 0 1.70141e+38 2.40616e+38 2.40616e+38 1.5 1.72038 0 0 0 0 0 0 0.33 0.495782 0.412311 0.233452 0.17 0.17 0.17 0.17 0.17 0.17 0.17 0.33 0.01 0.190263 0.19 0.170294 0.17 0.18 1.70141e+38 0.17 0.425441 0.509902 1.70141e+38 1.70141e+38 1.70141e+38 2.40616e+38 1.70141e+38 1.70141e+38 1.70141e+38 1.70141e+38 0 2.40616e+38 2.40616e+38 1.70141e+38 2.40616e+38 2.40616e+38 0 0 2.40616e+38 2.40616e+38 0.01 2.40616e+38 2.40616e+38 0 0 0 0 0 0 0 0 0 0 0 0 0 0 0 0 0 0 0 0 0 0 0 0 0 0 0 0 0
0 0 0 0 0 0 0 0 0 0 0 0 0 0 0 0 0 0 0 0 0 0 0 0 0 0 1.70141e+38 2.40616e+38 2.40616e+38 1.70141e+38 0 1.49 0 0 0 0 0 0 0 0.37 0.38833 0.215407 0.221359 0.07 0.07 0.07 0.07 0.07 0.08 0.174642 0.18 0.156525 0.0824621 0.0728011 0.0728011 0.07 0.07 0.183848 0.230868 0.38833 0.396232 2.40616e+38 0 1.70141e+38 1.70141e+38 0 0 1.70141e+38 0 1.70141e+38 2.40616e+38 0 0 0 2.40616e+38 2.40616e+38 2.40616e+38 2.40616e+38 0 0 0 2.40616e+38 2.40616e+38 0 0 0 0 0 0 0 0 0 0 0 0 0 0 0 0 0 0 0 0 0 0 0 0 0 0 0 0
0 0 0 0 0 0 0 0 0 0 0 0 0 0 0 0 0 0 0 0 0 0 0 0 1.70141e+38 2.40616e+38 2.40616e+38 1.70141e+38 0 0 0 0 0 0 0 0 0 0 0 0.41 0.415933 0.180278 0.187883 0.08 0.08 0.08 0.08 0.0806226 0.08 0.128062 0.02 0.128062 0.0608276 0.0608276 0.0806226 0.08 0.08 0.08 0.308058 0.1772 1.70141e+38 2.40616e+38 0 2.40616e+38 1.70141e+38 1.70141e+38 0 0 0 1.70141e+38 1.70141e+38 0 0 0 0 1.70141e+38 1.70141e+38 0 0 0 0 0 2.40616e+38 2.40616e+38 0 0 0 0 0 0 0 0 0 0 0 0 0 0 0 0 0 0 0 0 0 0 0 0 0 0 0
0 0 0 0 0 0 0 0 0 0 0 0 0 0 0 0 0 0 0 0 0 0 1.70141e+38 2.40616e+38 2.40616e+38 1.70141e+38 0 0 0 0 0 0 0 0 0 0 0 0 0 0.44 0.441814 0.194165 0.190263 0.01 0.01 0.01 0.01 0.01 0 0.100499 0 0.100499 0 0 0.01 0.01 0.01 0.01 0.190263 0.192354 1.70141e+38 1.70141e+38 0 1.70141e+38 1.70141e+38 1.70141e+38 0 0 0 2.40616e+38 1.70141e+38 0 0 0 0 0 0 0 0 0 0 0 0 2.40616e+38 2.40616e+38 0 0 0 0 0 0 0 0 0 0 0 0 0 0 0 0 0 0 0 0 0 0 0 0 0 0
0 0 0 0 0 0 0 0 0 0 0 0 0 0 0 0 0 0 0 0 1.70141e+38 2.40616e+38 2.40616e+38 1.70141e+38 0 0 0 0 0 0 0 0 0 0 0 0 0 0 0 0.45 0.450444 0.200998 0.2 0 0 0 0 0 0 0.1 0 0.1 0 0 0 0 0 0 0.2 0.200998 1.70141e+38 2.40616e+38 0 0 1.70141e+38 0 0 0 1.70141e+38 2.40616e+38 0 0 0 0 0 0 0 0 0 0 0 0 0 0 2.40616e+38 2.40616e+38 0 0 0 0 0 0 0 0 0 0 0 0 0 0 0 0 0 0 0 0 0 0 0 0 0
0 0 0 0 0 0 0 0 0 0 0 0 0 0 0 0 0 0 1.70141e+38 2.40616e+38 2.40616e+38 1.70141e+38 0 0 0 0 0 0 0 0 0 0 0 0 0 0 0 0 0 0.46 0.460109 0.210238 0.21 0 0 0 0 0 0 0.1 0 0.1 0 0 0 0 0 0 0.21 0.210238 0.290172 2.40616e+38 2.40616e+38 1.70141e+38 1.70141e+38 1.70141e+38 0 0 1.70141e+38 1.70141e+38 0 0 0 0 0 0 0 0 0 0 0 0 0 0 0 2.40616e+38 2.40616e+38 0 0 0 0 0 0 0 0 0 0 0 0 0 0 0 0 0 0 0 0 0 0 0 0
0 0 0 0 0 0 0 0 0 0 0 0 0 0 0 0 1.70141e+38 2.40616e+38 2.40616e+38 1.70141e+38 0 0 0 0 0 0 0 0 0 0 0 0 0 0 0 0 0 0 0 0.46 0.46 0.210238 0.29 0.2 0.2 0.2 0.2 0.2 0.2 0.223607 0.1 0.223607 0.2 0.2 0.2 0.2 0.2 0.2 0.29 0.210238 0.240208 0.465296 1.70141e+38 1.70141e+38 1.70141e+38 2.40616e+38 1.70141e+38 0 1.70141e+38 1.70141e+38 0 0 0 0 0 0 0 0 0 0 0 0 0 0 0 0 2.40616e+38 2.40616e+38 0 0 0 0 0 0 0 0 0 0 0 0 0 0 0 0 0 0 0 0 0 0 0
0 0 0 0 0 0 0 0 0 0 0 0 0 0 1.70141e+38 2.40616e+38 2.40616e+38 1.70141e+38 0 0 0 0 0 0 0 0 0 0 0 0 0 0 0 0 0 0 0 0 0 0.46 0.700928 0.520096 0.730274 0.73 0.73 0.73 0.73 0.73 0.73 0.73 0.63 0.73 0.73 0.73 0.73 0.73 0.73 0.73 0.730274 0.520384 0.568595 0.470956 0.24 0 0 1.70141e+38 2.40616e+38 0 2.40616e+38 1.70141e+38 0 0 0 0 0 0 0 0 0 0 0 0 0 0 0 0 0 2.40616e+38 2.40616e+38 0 0 0 0 0 0 0 0 0 0 0 0 0 0 0 0 0 0 0 0 0 0
0 0 0 0 0 0 0 0 0 0 0 0 1.70141e+38 2.40616e+38 2.40616e+38 1.70141e+38 0.01 0 0 0 0 0 0 0 0 0 0 0 0 0 0 0 0 0 0 0 0 0 0 0.98 1.08688 0.47 0.49 0.49 0.49 0.49 0.49 0.49 0.49 0.49 0.53 0.49 0.53 0.49 0.49 0.53 0.49 0.49 0.49 0.47 0.890505 0.980051 0.25 0 0 0 2.40616e+38 1.70141e+38 2.40616e+38 0 0 0 0 0 0 0 0 0 0 0 0 0 0 0 0 0 0 0 2.40616e+38 2.40616e+38 0 0 0 0 0 0 0 0 0 0 0 0 0 0 0 0 0 0 0 0 0
0 0 0 0 0 0 0 0 0 0 0 2.40616e+38 2.40616e+38 1.70141e+38 0.01 0 0 0 0 0 0 0 0 0 0 0 0 0 0 0 0 0 0 0 0 0 0 0 0 0.93 0.940851 0.0509902 0.05 0.05 0.05 0.04 0.05 0.05 0.04 0.0565685 0.05 0.04 0.04 0.0640312 0.0565685 0.04 0.0640312 0.04 0.04 0.0565685 0.69 0.980051 0.25 0 0 0 0 1.70141e+38 0 0 0 0 0 0 0 0 0 0 0 0 0 0 0 0 0 0 0 0 0 2.40616e+38 2.40616e+38 0 0 0 0 0 0 0 0 0 0 0 0 0 0 0 0 0 0 0 0
0 0 0 0 0 0 0 0 0 1.70141e+38 2.40616e+38 2.40616e+38 0.01 0 0 0 0 0 0 0 0 0 0 0 0 0 0 0 0 0 0 0 0 0 0 0 0 0 0 0.94 0.930054 0.01 0.01 0.01 0.0141421 0.01 0.01 0.0141421 0.01 0.01 0.04 0.01 0.0509902 0 0.01 0.0509902 0 0.01 0 0.04 0.7 1.01139 0.24 0 0 0 0 0 0 0 0 0 0 0 0 0 0 0 0 0 0 0 0 0 0 0 0 0 0 0 2.40616e+38 2.40616e+38 0 0 0 0 0 0 0 0 0 0 0 0 0 0 0 0 0 0 0
0 0 0 0 0 0 0 1.70141e+38 2.40616e+38 2.40616e+38 1.70141e+38 0 0 0 0 0 0 0 0 0 0 0 0 0 0 0 0 0 0 0 0 0 0 0 0 0 0 0 0 0.94 0.94 0.0141421 0.01 0 0 0.0141421 0 0.01 0.0141421 0.01 0.01 0.0141421 0.01 0.01 0.01 0 0.0141421 0 0 0.04 0.940053 1.00896 0 0 0 0 0 0 0 0 0 0 0 0 0 0 0 0 0 0 0 0 0 0 0 0 0 0 0 0 0 2.40616e+38 2.40616e+38 0 0 0 0 0 0 0 0 0 0 0 0 0 0 0 0 0 0
0 0 0 0 0 1.70141e+38 2.40616e+38 2.40616e+38 1.70141e+38 0 0 0 0 0 0 0 0 0 0 0 0 0 0 0 0 0 0 0 0 0 0 0 0 0 0 0 0 0 0 0.94 0.94 0.01 0.01 0 0 0 0.01 0 0.01 0.01 0.01 0.0141421 0.01 0.01 0.01 0.01 0 0 0 0.03 0.94 0.97 0 0 0 0 0 0 0 0 0 0 0 0 0 0 0 0 0 0 0 0 0 0 0 0 0 0 0 0 0 0 2.40616e+38 2.40616e+38 0 0 0 0 0 0 0 0 0 0 0 0 0 0 0 0 0
0 0 0 1.70141e+38 2.40616e+38 2.40616e+38 1.70141e+38 0 0 0 0 0 0 0 0 0 0 0 0 0 0 0 0 0 0 0 0 0 0 0 0 0 0 0 0 0 0 0 0 0.94 0.94 0.0141421 0.01 0 0.01 0.0141421 0 0 0.0141421 0.0141421 0.01 0.0141421 0.01 0.01 0 0 0 0 0.01 0.04 0.94 0.98 0 0 0 0 0 0 0 0 0 0 0 0 0 0 0 0 0 0 0 0 0 0 0 0 0 0 0 0 0 0 0 2.40616e+38 2.40616e+38 0 0 0 0 0 0 0 0 0 0 0 0 0 0 0 0
0 1.70141e+38 2.40616e+38 2.40616e+38 1.70141e+38 0 0 0 0 0 0 0 0 0 0 0 0 0 0 0 0 0 0 0 0 0 0 0 0 0 0 0 0 0 0 0 0 0 0 0.94 0.93 0.0141421 0 0.0141421 0.0141421 0.01 0.01 0.0141421 0.01 0.01 0.01 0.01 0 0.0141421 0 0 0 0.0141421 0 0.04 0.94 0.97 0 0 0 0 0 0 0 0 0 0 0 0 0 0 0 0 0 0 0 0 0 0 0 0 0 0 0 0 0 0 0 1.49 2.40616e+38 1.70141e+38 0 0 0 0 0 0 0 0 0 0 0 0 0 0 0
3.80447e+38 2.40616e+38 1.70141e+38 0 0 0 0 0 0 0 0 0 0 0 0 0 0 0 0 0 0 0 0 0.2 0.2 0.2 0.2 0 0 0 0 0 0 0 0 0 0 0 0 0.94 0.93 0.0141421 0.0141421 0.0141421 0.0141421 0.01 0.0141421 0.01 0.0141421 0.01 0.01 0 0.01 0 0.01 0 0.01 0 0.0141421 0.04 0.940053 1.0002 0.2 0.2 0.2 0.2 0 0 0 0 0 0 0 0 0 0 0 0 0 0 0 0 0 0 0 0 0 0 0 0 0 0 0 1.5 1.70141e+38 1.70141e+38 0 0 0 0 0 0 0 0 0 0 0 0 0 0 0
1.70141e+38 0 0 0 0 0 0 0 0 0 0 0 0 0 0 0 0 0 0 0 0 0 0.2 0.282843 0.2 0.2 0.2 0.2 0 0 0 0 0 0 0 0 0 0 0 0.94 0.94 0 0.01 0.0141421 0.01 0.0141421 0.01 0.0141421 0.0141421 0 0.01 0.0141421 0 0.01 0 0.01 0 0.01 0 0.04 0.74 0.805233 0.2 0.2 0.2 0.282843 0.2 0 0 0 0 0 0 0 0 0 0 0 0 0 0 0 0 0 0 0 0 0 0 0 0 0 0 1.41 1.70141e+38 1.70141e+38 0 0 0 0 0 0 0 0 0 0 0 0 0 0 0
0 0 0 0 0 0 0 0 0 0 0 0 0 0 0 0 0 0 0 0 0 0 0.2 0.2 0 0.2 0.282843 0 0 0 0 0 0 0 0 0 0 0 0 0.94 0.93 0 0.01 0.0141421 0.0141421 0.01 0.0141421 0.01 0.01 0.01 0.0141421 0.01 0 0.01 0.01 0 0.01 0 0 0.04 0.74 0.78 0 0 0 0.2 0.2 0 0 0 0 0 0 0 0 0 0 0 0 0 0 0 0 0 0 0 0 0 0 0 0 0 0 1.42 1.70141e+38 1.70141e+38 0 0 0 0 0 0 0 0 0 0 0 0 0 0 0
0 0 0 0 0 0 0 0 0 0 0 0 0 0 0 0 0 0 0 0 0 0 0.2 0.2 0 0.282843 0.2 0 0 0 0 0 0 0 0 0 0 0 0 0.94 0.94 0.01 0.0141421 0.0141421 0 0.0141421 0.01 0.0141421 0.0141421 0.01 0.01 0 0.01 0 0.01 0.01 0 0 0.01 0.04 0.740068 0.78 0 0 0 0.2 0.2 0 0 0 0 0 0 0 0 0 0 0 0 0 0 0 0 0 0 0 0 0 0 0 0 0 0 1.43 1.70141e+38 1.70141e+38 0 0 0 0 0 0 0 0 0 0 0 0 0 0 0
0 0 0 0 0 0 0 0 0 0 0 0 0 0 0 0 0 0 0 0 0 0 0.2 0.2 0.2 0.282843 0 0 0 0 0 0 0 0 0 0 0 0 0 0.94 0.93 0.0141421 0.0141421 0 0.0141421 0.01 0.01 0.01 0 0.01 0 0 0.01 0.01 0 0 0 0.01 0.94 0.04 0.74 0.77 0 0 0 0.223607 0.2 0 0 0 0 0 0 0 0 0 0 0 0 0 0 0 0 0 0 0 0 0 0 0 0 0 0 1.44 1.70141e+38 1.70141e+38 0 0 0 0 0 0 0 0 0 0 0 0 0 0 0
0 0 0 0 0 0 0 0 0 0 0 0 0 0 0 0 0 0 0 0 0 0 0.2 0.282843 0.282843 0.2 0 0 0 0 0 0 0 0 0 0 0 0 0 0.94 0.93 0 0 0.01 0 0.01 0.01 0.0141421 0.0141421 0 0 0.0141421 0 0.01 0 0 0 0.94 0.01 0.98 0.740068 0.805233 0.2 0.2 0.223607 0.282843 0.1 0 0 0 0 0 0 0 0 0 0 0 0 0 0 0 0 0 0 0 0 0 0 0 0 0 0 1.44 1.70141e+38 1.70141e+38 0 0 0 0 0 0 0 0 0 0 0 0 0 0 0
0 0 0 0 0 0 0 0 0 0 0 0 0 0 0 0 0 0 0 0 0 0 0 0.2 0.2 0 0 0 0 0 0 0 0 0 0 0 0 0 0 0.94 0.93 0.01 0.01 0 0 0 0.0141421 0.0141421 0.01 0 0.01 0 0.0141421 0 0 0 0 0 0.94 0.04 0.940053 1.0002 0.2 0.2 0.2 0.1 0 0 0 0 0 0 0 0 0 0 0 0 0 0 0 0 0 0 0 0 0 0 0 0 0 0 0 1.45 1.70141e+38 1.70141e+38 0 0 0 0 0 0 0 0 0 0 0 0 0 0 0
0 0 0 0 0 0 0 0 0 0 0 0 0 0 0 0 0 0 0 0 0 0 0 0 0 0 0 0 0 0 0 0 0 0 0 0 0 0 0 0.94 0.93 0 0 0.0141421 0 0.01 0.0141421 0.01 0 0 0 0.01 0 0 0 0 0 0 0.01 0.03 0.940851 0.97 0 0 0 0 0 0 0 0 0 0 0 0 0 0 0 0 0 0 0 0 0 0 0 0 0 0 0 0 0 0 0 1.47 1.70141e+38 1.70141e+38 0 0 0 0 0 0 0 0 0 0 0 0 0 0 0
1.02 1.29 1.34 1.23 1.21 0.96 1.41 1.28 1.19 1.09 1.48 1.46 1.49 1.45 1.38 1.47 1.42 1.49 1.41 1.23 1.37 1.48 1.49 1.29 1.32 1.44 1.35 1.49 1.46 1.46 1.45 1.32 0 0 0 0 0 0 0 0.94 0.93 0.01 0.01 0 0.0141421 0.01 0 0 0 0 0.01 0 0 0 0.01 0 0 0.01 0 0.01 0.94 0.94 0 0 0 0 0 0 0 0 0 0 0 0 0 0 0 0 0 0 0 0 0 0 0 1.70141e+38 0 0 0 0 0 0 0 1.48 1.70141e+38 1.70141e+38 0 0 0 0 0 0 0 0 0 0 0 0 0 0 0
1.58483 1.52398 1.49121 1.50562 1.52411 1.50336 1.52398 1.51605 1.50207 1.52778 1.53525 1.49003 1.50003 1.50403 1.50013 1.50053 1.50013 1.50003 1.51251 1.49054 1.52069 1.49482 1.51199 1.5096 1.50748 1.5003 1.50083 1.50403 1.5003 1.50003 1.50652 2.08626 1.32 0 0 0 0 0 0 0.94 0.93 0.01 0 0.0141421 0 0 0.01 0.01 0 0.01 0 0.01 0 0.01 0 0.01 0 0.01 0.01 0.03 0.940479 0.97 0 0 0 0 0 0 0 0 0 0 0 0 0 0 0 0 0 0 0 0 0 0 2.40616e+38 0 1.70141e+38 0 0 0 0 0 0 1.48 1.70141e+38 1.70141e+38 0 0 0 0 0 0 0 0 0 0 0 0 0 0 0
1.70141e+38 1.70141e+38 1.70141e+38 1.70141e+38 1.70141e+38 1.70141e+38 1.70141e+38 1.70141e+38 1.70141e+38 1.70141e+38 1.70141e+38 1.70141e+38 1.70141e+38 1.70141e+38 1.70141e+38 1.70141e+38 1.70141e+38 1.70141e+38 1.70141e+38 1.70141e+38 1.70141e+38 1.70141e+38 1.70141e+38 1.70141e+38 1.70141e+38 1.70141e+38 1.70141e+38 1.70141e+38 1.70141e+38 1.70141e+38 1.70141e+38 1.5096 1.5 0 0 0 0 0 0 0.94 0.93 0.0141421 0.01 0.01 0 0.01 0.0141421 0 0.01 0 0.01 0 0.01 0 0.01 0 0.01 0.94 0.01 0.03 0.940053 0.97 0 0 0 0 0 0 0 0 0 0 0 0 0 0 0 0 0 0 0 0 0 1.70141e+38 0 2.40616e+38 0 0 0 0 0 0 0 1.49 1.70141e+38 2.40616e+38 0 0 0 0 0 0 0 0 0 0 0 0 0 0 0
1.70141e+38 1.70141e+38 1.70141e+38 1.70141e+38 1.70141e+38 1.70141e+38 1.70141e+38 1.70141e+38 1.70141e+38 1.70141e+38 1.70141e+38 1.70141e+38 1.70141e+38 1.70141e+38 1.70141e+38 1.70141e+38 1.70141e+38 1.70141e+38 1.70141e+38 1.70141e+38 1.70141e+38 1.70141e+38 1.70141e+38 1.70141e+38 1.70141e+38 1.70141e+38 1.70141e+38 1.70141e+38 1.70141e+38 1.70141e+38 2.40616e+38 1.70141e+38 1.49 0 0 0 0 0 0 0.94 0.94 0.01 0.01 0.01 0.01 0.0141421 0.01 0.0141421 0 0 0 0.0141421 0 0.01 0 0.01 0.94 0.93 0.940053 0.02 0.940479 0.96 0 0 0 0 0 0 0 0 0 0 0 0 0 0 0 0 0 0 0 0 0 0 1.70141e+38 0 0 0 0 0 0 0 0 0 1.49 2.40616e+38 2.40616e+38 0 0 0 0 0 0 0 0 0 0 0 0 0 0
0 0 0 0 0 0 0 0 0 0 0 0 0 0 0 0 0 0 0 0 0 0 0 0 0 0 0 0 0 0 1.70141e+38 1.70141e+38 1.49 0 0 0 0 0 0 0.94 0.93 0.01 0.0141421 0.01 0.0141421 0.0141421 0.0141421 0 0 0 0.01 0 0.0141421 0 0.0141421 0 0.93 0.930054 0.94 0.01 0.940053 0.94 0 0 0 0 0 0 0 0 0 0 0.51 0.5 0.51 0.51 0.51 0.51 0.51 0 0 0 0 0 0 0 0 0 0 0 0 0 0 0 0 0 2.40616e+38 1.70141e+38 0 0 0 0 0 0 0 0 0 0 0 0 0
0 0 0 0 0 0 0 0 0 0 0 0 0 0 0 0 0 0 0 0 0 0 0 0 0 0 0 0 0 0 1.70141e+38 1.70141e+38 1.49 0 0 0 0 0 0 0.94 0.93 0.01 0.01 0.01 0.01 0.0141421 0 0 0 0 0 0.01 0 0.0141421 0 0.0141421 0.01 0.93 0.0141421 0.03 0.940479 0.97 0 0 0 0 0 0 0 0 0 0.51 0.714213 0.51 0.510098 0.51 0.51 0.51 0.721249 0.51 0 0 0 0 0 0 0 0 0 0 0 0 0 0 0 0 1.70141e+38 2.40616e+38 0 0 0 0 0 0 0 0 0 0 0 0 0
0 0 0 0 0 0 0 0 0 0 0 0 0 0 0 0 0 0 0 0 0 0 0 0 0 0 0 0 0 0 1.70141e+38 1.70141e+38 1.49 0 0 0 0 0 0 0.94 0.94 0.01 0.48 0.01 0.01 0.48 0.48 0.48 0.48 0.48 0.01 0.01 0.480104 0 0.470106 0.48 0.480104 0.46 0.0141421 0.0761577 0.940213 0.97 0 0 0 0 0 0 0 0 0 0.51 0.51 0.01 0 0 0 0 0.51 0.51 0 0 0 0 0 0 0 0 0 0 0 0 0 0 0 0 0 2.40616e+38 2.40616e+38 0 0 0 0 0 0 0 0 0 0 0 0
0 0 0 0 0 0 0 0 0 0 0 0 0 0 0 0 0 0 0 0 0 0 0 0 0 0 0 0 0 0 1.70141e+38 1.70141e+38 1.49 0 0 0 0 0 0 0.94 0.961665 0.52 0.470106 0.671789 0.66468 0.671789 0.47 0.47 0.47 0.66468 0.66468 0.66468 0.470106 0.46 0.671789 0.47 0.470106 0.66468 0.617171 0.260768 0.917061 0.968814 0 0 0 0 0 0 0 0 0 0.51 0.51 0 0 0 0 0 0.51 0.51 0 0 0 0 0 0 0 0 0 0 0 0 0 0 0 0 0 0 2.40616e+38 2.40616e+38 0 0 0 0 0 0 0 0 0 0 0
0 0 0 0 0 0 0 0 0 0 0 0 0 0 0 0 0 0 0 0 0 0 0 0 0 0 0 0 0 0 1.70141e+38 1.70141e+38 1.5 0 0 0 0 0 0 0.66 0.855862 0.389487 0.270185 0.47 0.47 0.01 0.01 0.01 0.01 0.01 0.46 0.46 0.01 0.47 0.01 0.01 0.0141421 0 0.509902 0.416773 0.614003 0.717844 0.19 0 0 0 0 0 0 0 0 0.51 0.51 0 0 0 0 0 0.51 0.51 0 0 0 0 0 0 0 0 0 0 0 0 0 0 0 0 0 0 0 2.40616e+38 1.70141e+38 0 0 0 0 0 0 0 0 0 0
0 0 0 0 0 0 0 0 0 0 0 0 0 0 0 0 0 0 0 0 0 0 0 0 0 0 0 0 0 0 1.70141e+38 1.70141e+38 1.49 0 0 0 0 0 0 0.51 0.878635 0.282843 0.120416 0.01 0.0141421 0.01 0.01 0.01 0.01 0.01 0.01 0.01 0.01 0.01 0.01 0.01 0.01 0 0.0412311 0.245967 0.35609 0.582151 0.23 0 0 0 0 0 0 0 0 0.51 0.51 0 0 0 0 0 0.510098 0.51 0 0 0 0 0 0 0 0 0 0 0 0 0 0 0 0 0 0 0 1.70141e+38 2.40616e+38 0 0 0 0 0 0 0 0 0 0
0 0 0 0 0 0 0 0 0 0 0 0 0 0 0 0 0 0 0 0 0 0 0 0 0 0 0 0 0 0 1.70141e+38 1.70141e+38 1.5 0 0 0 0 0 0 0 0.686804 0.74027 0.47 0.46 0.47 0.47 0.46 0.47 0.47 0.47 0.47 0.47 0.47 0.47 0.47 0.47 0.47 0.47 0.47 0.51 0.272029 0.460435 0.24 0 0 0 0 0 0 0 0 0.51 0.51 0 0 0 0 0.0141421 0.513517 0.52 0 0 0 0 0 0 0 0 0 0 0 0 0 0 0 0 0 0 0 0 2.40616e+38 2.40616e+38 0 0 0 0 0 0 0 0 0
0 0 0 0 0 0 0 0 0 0 0 0 0 0 0 0 0 0 0 0 0 0 0 0 0 0 0 0 0 0 1.70141e+38 1.70141e+38 1.5 0 0 0 0 0 0 0 0 0.46 0.46 0.46 0.46 0.460109 0.46 0.460109 0.46 0.46 0.46 0.46 0.46 0.46 0.46 0.46 0.46 0.46 0.46 0.622896 0.251794 0.42 0.25 0 0 0 0 0 0 0 0 0.51 0.721249 0.51 0.51 0.51 0.510098 0.513517 0.735391 0.45 0 0 0 0 0 0 0 0 0 0 0 0 0 0 0 0 0 0 0 0 0 2.40616e+38 2.40616e+38 0 0 0 0 0 0 0 0
0 0 0 0 0 0 0 0 0 0 0 0 0 0 0 0 0 0 0 0 0 0 0 0 0 0 0 0 0 0 1.70141e+38 1.70141e+38 1.49 0 0 0 0 0 0 0 0 0 0 0 0 0 0.01 0 0 0 0 0 0 0 0 0 0 0 0 0.483011 0.243311 0.497393 0.24 0 0 0 0 0 0 0 0 0 0.51 0.51 0.51 0.51 0.51 0.52 0.45 0 0 0 0 0 0 0 0 0 0 0 0 0 0 0 0 0 0 0 0 0 0 0 2.40616e+38 2.40616e+38 0 0 0 0 0 0 0
0 0 0 0 0 0 0 0 0 0 0 0 0 0 0 0 0 0 0 0 0 0 0 0 0 0 0 0 0 0 1.70141e+38 1.70141e+38 1.5 0 0 0 0 0 0 0 0 0 0 0 0 0 0 0 0 0 0 0 0 0 0 0 0 0 0.22 0.43909 0.245967 0.449444 0 0 0 0 0 0 0 0 0 0 0 0 0 0 0 0 0 0 0 0 0 0 0 0 0 0 0 0 0 0 0 0 0 0 0 0 0 0 0 0 0 2.40616e+38 1.70141e+38 0 0 0 0 0 0
0 0 0 0 0 0 0 0 0 0 0 0 0 0 0 0 0 0 0 0 0 0 0 0 0 0 0 0 0 0 1.70141e+38 1.70141e+38 1.49 0 0 0 0 0 0 0 0 0 0 0 0 0 0 0 0 0 0 0 0 0 0 0 0 0 0.22 0.38833 0.43909 0.32 0 0 0 0 0 0 0 0 0 0 0 0 0 0 0 0 0 0 0 0 0 0 0 0 0 0 0 0 0 0 0 0 0 0 0 0 0 0 0 0 0 1.70141e+38 2.40616e+38 0 0 0 0 0 0
0 0 0 0 0 0 0 0 0 0 0 0 0 0 0 0 0 0 0 0 0 0 0 0 0 0 0 0 0 0 1.70141e+38 1.70141e+38 1.49 0 0 0 0 0 0 0 0 0 0 0 0 0 0 0 0 0 0 0 0 0 0 0 0 0 0 0.22 0.32 0 0 0 0 0 0 0 0 0 0 0 0 0 0 0 0 0 0 0 0 0 0 0 0 0 0 0 0 0 0 0 0 0 0 0 0 0 0 0 0 0 0 0 2.40616e+38 2.40616e+38 0 0 0 0 0
0 0 0 0 0 0 0 0 0 0 0 0 0 0 0 0 0 0 0 0 0 0 0 0 0 0 0 0 0 0 1.70141e+38 1.70141e+38 1.49 0 0 0 0 0 0 0 0 0 0 0 0 0 0 0 0 0 0 0 0 0 0 0 0 0 0 0 0 0 0 0 0 0 0 0 0 0 0 0 0 0 0 0 0 0 0 0 0 0 0 0 0 0 0 0 0 0 0 0 0 0 0 0 0 0 0 0 0 0 0 0 0 2.40616e+38 2.40616e+38 0 0 0 0
0 0 0 0 0 0 0 0 0 0 0 0 0 0 0 0 0 0 0 0 0 0 0 0 0 0 0 0 0 0 1.70141e+38 1.70141e+38 1.5 0 0 0 0 0 0 0 0 0 0 0 0 0 0 0 0 0 0 0 0 0 0 0 0 0 0 0 0 0 0 0 0 0 0 0 0 0 0 0 0 0 0 0 0 0 0 0 0 0 0 0 0 0 0 0 0 0 0 0 0 0 0 0 0 0 0 0 0 0 0 0 0 0 2.40616e+38 1.70141e+38 0 0 0
0 0 0 0 0 0 0 0 0 0 0 0 0 0 0 0 0 0 0 0 0 0 0 0 0 0 0 0 0 0 1.70141e+38 1.70141e+38 1.5 0 0 0 0 0 0 0 0 0 0 0 0 0 0 0 0 0 0 0 0 0 0 0 0 0 0 0 0 0 0 0 0 0 0 0 0 0 0 0 0 0 0 0 0 0 0 0 0 0 0 0 0 0 0 0 0 0 0 0 0 0 0 0 0 0 0 0 0 0 0 0 0 0 1.70141e+38 2.40616e+38 0 0 0
0 0 0 0 0 0 0 0 0 0 0 0 0 0 0 0 0 0 0 0 0 0 0 0 0 0 0 0 0 0 1.70141e+38 1.70141e+38 1.49 0 0 0 0 0 0 0 0 0 0 0 0 0 0 0 0 0 0 0 0 0 0 0 0 0 0 0 0 0 0 0 0 0 0 0 0 0 0 0 0 0 0 0 0 0 0 0 0 0 0 0 0 0 0 0 0 0 0 0 0 0 0 0 0 0 0 0 0 0 0 0 0 0 0 2.40616e+38 1.70141e+38 0 0
0 0 0 0 0 0 0 0 0 0 0 0 0 0 0 0 0 0 0 0 0 0 0 0 0 0 0 0 0 0 1.70141e+38 1.70141e+38 1.49 0 0 0 0 0 0 0 0 0 0 0 0 0 0 0 0 0 0 0 0 0 0 0 0 0 0 0 0 0 0 0 0 0 0 0 0 0 0 0 0 0 0 0 0 0 0 0 0 0 0 0 0 0 0 0 0 0 0 0 0 0 0 0 0 0 0 0 0 0 0 0 0 0 0 1.70141e+38 2.40616e+38 1.70141e+38 0
0 0 0 0 0 0 0 0 0 0 0 0 0 0 0 0 0 0 0 0 0 0 0 0 0 0 0 0 0 0 1.70141e+38 1.70141e+38 1.49 0 0 0 0 0 0 0 0 0 0 0 0 0 0 0 0 0 0 0 0 0 0 0 0 0 0 0 0 0 0 0 0 0 0 0 0 0 0 0 0 0 0 0 0 0 0 0 0 0 0 0 0 0 0 0 0 0 0 0 0 0 0 0 0 0 0 0 0.01 0 0 0 0 0 0 0 1.70141e+38 2.40616e+38 3.80447e+38
0 0 0 0 0 0 0 0 0 0 0 0 0 0 0 0 0 0 0 0 0 0 0 0 0 0 0 0 0 0 1.70141e+38 1.70141e+38 1.5 0 0 0 0 0 0 0 0 0 0 0 0 0 0 0 0 0 0 0 0 0 0 0 0 0 0 0 0 0 0 0 0 0 0 0 0 0 0 0 0 0 0 0 0 0 0 0 0 0 0 0 0 0 0 0 0 0 0 0 0 0 0 0 0 0 0 0.01 0 0.01 0 0 0 0.01 0 0 0 0 1.70141e+38
0 0 0 0 0 0 0 0 0 0 0 0 0 0 0 0 0 0 0 0 0 0 0 0 0 0 0 0 0 0 1.70141e+38 1.70141e+38 1.48 0 0 0 0 0 0 0 0 0 0 0 0 0 0 0 0 0 0 0 0 0 0 0 0 0 0 0 0 0 0 0 0 0 0 0 0 0 0 0 0 0 0 0 0 0 0 0 0 0 0 0 0 0 0 0 0 0 0 0 0 0 0 0 0 0 0 0 0.02 0 0 0 0.01 0.02 0.01 0 0 0 0
