0 6.80564e+38 1.52179e+39 0 0 0 0 0 0 0 0 0 0 0 0 0 0 0 0 0 0 0 0 0 0 0 0 0 0 0 0 0 0 0 0 0 0 0 0 0 0 0 0 0 0 0 0 0 0 0 0 0 0 0 0 0 0 0 0 0 0 0 0 0 0 0 0 0 0 0 0 0 0 0 0 0 0 0 0 0 0 0 0 0 0 0 0 0 0 0 0 0 0 0 0 0 0 0 0 0 0 0 0 0 0 0 0 0 0 0 0
0 0 9.62463e+38 9.62463e+38 0 0 0 0 0 0 0 0 0 0 0 0 0 0 0 0 0 0 0 0 0 0 0 0 0 0 0 0 0 0 0 0 0 0 0 0 0 0 0 0 0 0 0 0 0 0 0 0 0 0 0 0 0 0 0 0 0 0 0 0 0 0 0 0 0 0 0 0 0 0 0 0 0 0 0 0 0 0 0 0 0 0 0 0 0 0 0 0 0 0 0 0 0 0 0 0 0 0 0 0 0 0 0 0 0 0 0
0 0 0 9.62463e+38 9.62463e+38 0 0 0 0 0 0 0 0 0 0 0 0 0 0 0 0 0 0 0 0 0 0 0 0 0 0 0 0 0 0 0 0 0 0 0 0 0 0 0 0 0 0 0 0 0 0 0 0 0 0 0 0 0 0 0 0 0 0 0 0 0 0 0 0 0 0 0 0 0 0 0 0 0 0 0 0 0 0 0 0 0 0 0 0 0 0 0 0 0 0 0 0 0 0 0 0 0 0 0 0 0 0 0 0 0 0
0.04 0 0 0 9.62463e+38 9.62463e+38 0 0 0 0 0 0 0 0 0 0 0 0 0 0 0 0 0 0 0 0 0 0 0 0 0 0 0 0 0 0 0 0 0 0 0 0 0 0 0 0 0 0 0 0 0 0 0 0 0 0 0 0 0 0 0 0 0 0 0 0 0 0 0 0 0 0 0 0 0 0 0 0 0 0 0 0 0 0 0 0 0 0 0 0 0 0 0 0 0 0 0 0 0 0 0 0 0 0 0 0 0 0 0 0 0
0.08 0.04 0 0 0 9.62463e+38 9.62463e+38 0 0 0 0 0 0 0 0 0 0 0 0 0 0 0 0 0 0 0 0 0 0 0 0 0 0 0 0 0 0 0 0 0 0 0 0 0 0 0 0 0 0 0 0 0 0 0 0 0 0 0 0 0 0 0 0 0 0 0 0 0 0 0 0 0 0 0 0 0 0 0 0 0 0 0 0 0 0 0 0 0 0 0 0 0 0 0 0 0 0 0 0 0 0 0 0 0 0 0 0 0 0 0 0
0.04 0 0 0 0 0 9.62463e+38 9.62463e+38 0 0 0 0 0 0 0 0 0 0 0 0 0 0 0 0 0 0 0 0 0 0 0 0 0 0 0 0 0 0 0 0 0 0 0 0 0 0 0 0 0 0 0 0 0 0 0 0 0 0 0 0 0 0 0 0 0 0 0 0 0 0 0 0 0 0 0 0 0 0 0 0 0 0 0 0 0 0 0 0 0 0 0 0 0 0 0 0 0 0 0 0 0 0 0 0 0 0 0 0 0 0 0
0 0 0 0 0 0 0 9.62463e+38 9.62463e+38 0 0 0 0 0 0 0 0 0 0 0 0 0 0 0 0 0 0 0 0 0 0 0 0 0 0 0 0 0 0 0 0 0 0 0 0 0 0 0 0 0 0 0 0 0 0 0 0 0 0 0 0 0 0 0 0 0 0 0 0 0 0 0 0 0 0 0 0 0 0 0 0 0 0 0 0 0 0 0 0 0 0 0 0 0 0 0 0 0 0 0 0 0 0 0 0 0 0 0 0 0 0
0 0 0 0 0 0 0 0 9.62463e+38 9.62463e+38 0 0 0 0 0 0 0 0 0 0 0 0 0 0 0 0 0 0 0 0 0 0 0 0 0 0 0 0 0 0 0 0 0 0 0 0 0 0 0 0 0 0 0 0 0 0 0 0 0 0 0 0 0 0 0 0 0 0 0 0 0 0 0 0 0 0 0 0 0 0 0 0 0 0 0 0 0 0 0 0 0 0 0 0 0 0 0 0 0 0 0 0 0 0 0 0 0 0 0 0 0
0.04 0 0 0 0 0 0 0 0 9.62463e+38 9.62463e+38 0 0 0 0 0 0 0 0 0 0 0 0 0 0 0 0 0 0 0 0 0 0 0 0 0 0 0 0 0 0 0 0 0 0 0 0 0 0 0 0 0 0 0 0 0 0 0 0 0 0 0 0 0 0 0 0 0 0 0 0 0 0 0 0 0 0 0 0 0 0 0 0 0 0 0 0 0 0 0 0 0 0 0 0 0 0 0 0 0 0 0 0 0 0 0 0 0 0 0 0
0.0894427 0.04 0 0 0 0 0 0 0 0 9.62463e+38 9.62463e+38 0 0 0 0 0 0 0 0 0 0 0 0 0 0 0 0 0 0 0 0 0 0 0 0 0 0 0 0 0 0 0 0 0 0 0 0 0 0 0 0 0 0 0 0 0 0 0 0 0 0 0 0 0 0 0 0 0 0 0 0 0 0 0 0 0 0 0 0 0 0 0 0 0 0 0 0 0 0 0 0 0 0 0 0 0 0 0 0 0 0 0 0 0 0 0 0 0 0 0
0.0894427 0.04 0 0 0 0 0 0 0 0 0 9.62463e+38 9.62463e+38 0 0 0 0 0 0 0 0 0 0 0 0 0 0 0 0 0 0 0 0 0 0 0 0 0 0 0 0 0 0 0 0 0 0 0 0 0 0 0 0 0 0 0 0 0 0 0 0 0 0 0 0 0 0 0 0 0 0 0 0 0 0 0 0 0 0 0 0 0 0 0 0 0 0 0 0 0 0 0 0 0 0 0 0 0 0 0 0 0 0 0 0 0 0 0 0 0 0
0.04 0 0 0 0 0.04 0 0 0 0 0 0.04 9.62463e+38 9.62463e+38 0 0 0 0 0 0 0 0 0 0 0 0 0 0 0 0 0 0 0 0 0 0 0 0 0 0 0 0 0 0 0 0 0 0 0 0 0 0 0 0 0 0 0 0 0 0 0 0 0 0 0 0 0 0 0 0 0 0 0 0 0 0 0 0 0 0 0 0 0 0 0 0 0 0 0 0 0 0 0 0 0 0 0 0 0 0 0 0 0 0 0 0 0 0 0 0 0
0 0 0 0 0.04 0 0.04 0 0 0 0 0 0.04 9.62463e+38 9.62463e+38 0 0 0 0 0 0 0 0 0 0 0 0 0 0 0 0 0 0 0 0 0 0 0 0 0 0 0 0 0 0 0 0 0 0 0 0 0 0 0 0 0 0 0 0 0 0 0 0 0 0 0 0 0 0 0 0 0 0 0 0 0 0 0 0 0 0 0 0 0 0 0 0 0 0 0 0 0 0 0 0 0 0 0 0 0 0 0 0 0 0 0 0 0 0 0 0
0 0 0 0.04 0 0.04 0 0 0 0 0 0 0 0 9.62463e+38 9.62463e+38 0 0 0 0 0 0 0 0 0 0 0 0 0 0 0 0 0 0 0 0 0 0 0 0 0 0 0 0 0 0 0 0 0 0 0 0 0 0 0 0 0 0 0 0 0 0 0 0 0 0 0 0 0 0 0 0 0 0 0 0 0 0 0 0 0 0 0 0 0 0 0 0 0 0 0 0 0 0 0 0 0 0 0 0 0 0 0 0 0 0 0 0 0 0 0
0.04 0 0.04 0 0.04 0 0 0 0 0 0 0 0 0 0 9.62463e+38 9.62463e+38 0 0 0 0 0 0 0 0 0 0 0 0 0 0 0 0 0 0 0 0 0 0 0 0 0 0 0 0 0 0 0 0 0 0 0 0 0 0 0 0 0 0 0 0 0 0 0 0 0 0 0 0 0 0 0 0 0 0 0 0 0 0 0 0 0 0 0 0 0 0 0 0 0 0 0 0 0 0 0 0 0 0 0 0 0 0 0 0 0 0 0 0 0 0
0.08 0.04 0 0.04 0 0 0 0 0 0 0 0 0 0 0 0 9.62463e+38 9.62463e+38 0 0 0 0 0 0 0 0 0 0 0 0 0 0 0 0 0 0 0 0 0 0 0 0 0 0 0 0 0 0 0 0 0 0 0 0 0 0 0 0 0 0 0 0 0 0 0 0 0 0 0 0 0 0 0 0 0 0 0 0 0 0 0 0 0 0 0 0 0 0 0 0 0 0 0 0 0 0 0 0 0 0 0 0 0 0 0 0 0 0 0 0 0
0 0 0 0 0 0 0 0 0 0 0 0 0 0 0 0 0 9.62463e+38 9.62463e+38 0 0 0 0 0 0 0 0 0 0 0 0 0 0 0 0 0 0 0 0 0 0 0 0 0 0 0 0 0 0 0 0 0 0 0 0 0 0 0 0 0 0 0 0 0 0 0 0 0 0 0 0 0 0 0 0 0 0 0 0 0 0 0 0 0 0 0 0 0 0 0 0 0 0 0 0 0 0 0 0 0 0 0 0 0 0 0 0 0 0 0 0
0.08 0.04 0 0 0 0 0 0 0 0 0 0 0 0 0 0 0 0 9.62463e+38 9.62463e+38 0 0 0 0 0 0 0 0 0 0 0 0 0 0 0 0 0 0 0 0 0 0 0 0 0 0 0 0 0 0 0 0 0 0 0 0 0 0 0 0 0 0 0 0 0 0 0 0 0 0 0 0 0 0 0 0 0 0 0 0 0 0 0 0 0 0 0 0 0 0 0 0 0 0 0 0 0 0 0 0 0 0 0 0 0 0 0 0 0 0 0
6.80564e+38 0.04 0 0 0 0 0 0 0 0 0 0 0 0 0 0 0 0 0 9.62463e+38 9.62463e+38 0 0 0 0 0 0 0 0 0 0 0 0 0 0 0 0 0 0 0 0 0 0 0 0 0 0 0 0 0 0 0 0 0 0 0 0 0 0 0 0 0 0 0 0 0 0 0 0 0 0 0 0 0 0 0 0 0 0 0 0 0 0 0 0 0 0 0 0 0 0 0 0 0 0 0 0 0 0 0 0 0 0 0 0 0 0 0 0 0 0
1.52179e+39 9.62463e+38 6.80564e+38 0 0 0 0 0 0 0 0 0 0 0 0 0 0 0 0 0 9.62463e+38 9.62463e+38 6.80564e+38 0 0 0 0 0 0 0 0 0 0 0 0 0 0 0 0 0 0 0 0 0 0 0 0 0 0 0 0 0 0 0 0 0 0 0 0 0 0 0 0 0 0 0 0 0 0 0 0 0 0 0 0 0 0 0 0 0 0 0 0 0 0 0 0 0 0 0 0 0 0 0 0 0 0 0 0 0 0 0 0 0 0 0 0 0 0 0 0
0 6.80564e+38 9.62463e+38 9.62463e+38 0 0 0 0 0 0 0 0 0 0 0 0 0 0 0 0 0 6.80564e+38 9.62463e+38 9.62463e+38 0 0 0 0 0 0 0 0 0 0 0 0 0 0 0 0 0 0 0 0 0 0 0 0 0 0 0 0 0 0 0 0 0 0 0 0 0 0 0 0 0 0 0 0 0 0 0 0 0 0 0 0 0 0 0 0 0 0 0 0 0 0 0 0 0 0 0 0 0 0 0 0 0 0 0 0 0 0 0 0 0 0 0 0 0 0 0
0 0 0 9.62463e+38 9.62463e+38 6.80564e+38 0 0 0 0 0 0 0 0 0 0 0 0 0 0 0 0 0 9.62463e+38 6.80564e+38 0 0 0 0 0 0 0 0 0 0 0 0 0 0 0 0 0 0 0 0 0 0 0 0 0 0 0 0 0 0 0 0 0 0 0 0 0 0 0 0 0 0 0 0 0 0 0 0 0 0 0 0 0 0 0 0 0 0 0 0 0 0 0 0 0 0 0 0 0 0 0 0 0 0 0 0 0 0 0 0 0 0 0 0 0 0
0 0 0 0 6.80564e+38 9.62463e+38 9.62463e+38 0 0 0 0 0 0 0 0 0 0 0 0 0 0 0 0 6.80564e+38 9.62463e+38 6.80564e+38 0 0 0 0 0 0 0 0 0 0 0 0 0 0 0 0 0 0 0 0 0 0 0 0 0 0 0 0 0 0 0 0 0 0 0 0 0 0 0 0 0 0 0 0 0 0 0 0 0 0 0 0 0 0 0 0 0 0 0 0 0 0 0 0 0 0 0 0 0 0 0 0 0 0 0 0 0 0 0 0 0 0 0 0 0
0 0 0 0 0 0 9.62463e+38 9.62463e+38 6.80564e+38 0 0 0 0 0 0 0 0 0 0 0 0 0 0 0 6.80564e+38 9.62463e+38 6.80564e+38 0 0 0 0 0 0 0 0 0 0 0 0 0 0 0 0 0 0 0 0 0 0 0 0 0 0 0 0 0 0 0 0 0 0 0 0 0 0 0 0 0 0 0 0 0 0 0 0 0 0 0 0 0 0 0 0 0 0 0 0 0 0 0 0 0 0 0 0 0 0 0 0 0 0 0 0 0 0 0 0 0 0 0 0
0 0 0 0 0 0 0 6.80564e+38 9.62463e+38 9.62463e+38 0.04 0 0 0 0 0 0 0 0 0 0 0 0 0 0 6.80564e+38 9.62463e+38 6.80564e+38 0 0 0 0 0 0 0 0 0 0 0 0 0 0 0 0 0 0 0 0 0 0 0 0 0 0 0 0 0 0 0 0 0 0 0 0 0 0 0 0 0 0 0 0 0 0 0 0 0 0 0 0 0 0 0 0 0 0 0 0 0 0 0 0 0 0 0 0 0 0 0 0 0 0 0 0 0 0 0 0 0 0 0
0 0 0 0 0 0 0 0 0 9.62463e+38 9.62463e+38 6.80564e+38 0 0 0 0 0 0 0 0 0 0 0 0 0 0 6.80564e+38 9.62463e+38 9.62463e+38 0 0 0 0 0 0 0 0 0 0 0 0 0 0 0 0 0 0 0 0 0 0 0 0 0 0 0 0 0 0 0 0 0 0 0 0 0 0 0 0 0 0 0 0 0 0 0 0 0 0 0 0 0 0 0 0 0 0 0 0 0 0 0 0 0 0 0 0 0 0 0 0 0 0 0 0 0 0 0 0 0 0
0 0 0 0 0 0 0 0 0 0 6.80564e+38 9.62463e+38 9.62463e+38 0 0 0 0 0 0 0 0 0 0 0 0 0 0 0 9.62463e+38 9.62463e+38 0 0 0 0 0 0 0 0 0 0 0 0 0 0 0 0 0 0 0 0 0 0 0 0 0 0 0 0 0 0 0 0 0 0 0 0 0 0 0 0 0 0 0 0 0 0 0 0 0 0 0 0 0 0 0 0 0 0 0 0 0 0 0 0 0 0 0 0 0 0 0 0 0 0 0 0 0 0 0 0 0
0 0 0 0 0 0 0 0 0 0 0 0 9.62463e+38 9.62463e+38 0.04 0 0 0 0 0 0 0 0 0 0 0 0 0 0 9.62463e+38 9.62463e+38 0 0 0 0 0 0 0 0 0 0 0 0 0 0 0 0 0 0 0 0 0 0 0 0 0 0 0 0 0 0 0 0 0 0 0 0 0 0 0 0 0 0 0 0 0 0 0 0 0 0 0 0 0 0 0 0 0 0 0 0 0 0 0 0 0 0 0 0 0 0 0 0 0 0 0 0 0 0 0 0
0 0 0 0 0 0 0 0 0 0 0 0 0 9.62463e+38 9.62463e+38 6.80564e+38 0 0 0 0 0 0 0 0 0 0 0 0 0 0 9.62463e+38 9.62463e+38 0 0 0 0 0 0 0 0 0 0 0 0 0 0 0 0 0 0 0 0 0 0 0 0 0 0 0 0 0 0 0 0 0 0 0 0 0 0 0 0 0 0 0 0 0 0 0 0 0 0 0 0 0 0 0 0 0 0 0 0 0 0 0 0 0 0 0 0 0 0 0 0 0 0 0 0 0 0 0
0 0 0 0 0 0 0 0 0 0 0 0 0 0 6.80564e+38 9.62463e+38 9.62463e+38 0 0 0 0 0 0 0 0 0 0 0 0 0 0 9.62463e+38 9.62463e+38 0 0 0 0 0 0 0 0 0 0 0 0 0 0 0 0 0 0 0 0 0 0 0 0 0 0 0 0 0 0 0 0 0 0 0 0 0 0 0 0 0 0 0 0 0 0 0 0 0 0 0 0 0 0 0 0 0 0 0 0 0 0 0 0 0 0 0 0 0 0 0 0 0 0 0 0 0 0
0 0 0 0 0 0 0 0 0 0 0 0 0 0 0 0 9.62463e+38 9.62463e+38 6.80564e+38 0 0 0 0 0 0 0 0 0 0 0 0 0.04 9.62463e+38 9.62463e+38 0 0 0 0 0 0 0 0 0 0 0 0 0 0 0 0 0 0 0 0 0 0 0 0 0 0 0 0 0 0 0 0 0 0 0 0 0 0 0 0 0 0 0 0 0 0 0 0 0 0 0 0 0 0 0 0 0 0 0 0 0 0 0 0 0 0 0 0 0 0 0 0 0 0 0 0 0
0 0 0 0 0 0 0 0 0 0 0 0 0 0 0 0 0 6.80564e+38 9.62463e+38 9.62463e+38 0 0 0 0 0 0 0 0 0 0 0 0 0.0565685 9.62463e+38 9.62463e+38 0 0 0 0 0 0 0 0 0 0 0 0 0 0 0 0 0 0 0 0 0 0 0 0 0 0 0 0 0 0 0 0 0 0 0 0 0 0 0 0 0 0 0 0 0 0 0 0 0 0 0 0 0 0 0 0 0 0 0 0 0 0 0 0 0 0 0 0 0 0 0 0 0 0 0 0
0 0 0 0 0 0 0 0 0 0 0 0 0 0 0 0 0 0 0 9.62463e+38 9.62463e+38 6.80564e+38 0 0 0 0 0 0 0 0 0 0 0 0.04 9.62463e+38 9.62463e+38 0 0 0 0 0 0 0 0 0 0 0 0 0 0 0 0 0 0 0 0 0 0 0 0 0 0 0 0 0 0 0 0 0 0 0 0 0 0 0 0 0 0 0 0 0 0 0 0 0 0 0 0 0 0 0 0 0 0 0 0 0 0 0 0 0 0 0 0 0 0 0 0 0 0 0
0 0 0 0 0 0 0 0 0 0 0 0 0 0 0 0 0 0 0 0 6.80564e+38 9.62463e+38 9.62463e+38 0.04 0 0 0 0 0 0 0 0 0 0 0 9.62463e+38 9.62463e+38 0 0 0 0 0 0 0 0 0 0 0 0 0 0 0 0 0 0 0 0 0 0 0 0 0 0 0 0 0 0 0 0 0 0 0 0 0 0 0 0 0 0 0 0 0 0 0 0 0 0 0 0 0 0 0 0 0 0 0 0 0 0 0 0 0 0 0 0 0 0 0 0 0 0
0 0 0 0 0 0 0 0 0 0 0 0 0 0 0 0 0 0 0 0 0 0 9.62463e+38 9.62463e+38 0.0565685 0 0 0 0 0 0 0 0 0 0 0 9.62463e+38 9.62463e+38 0 0 0 0 0 0 0 0 0 0 0 0 0 0 0 0 0 0 0 0 0 0 0 0 0 0 0 0 0 0 0 0 0 0 0 0 0 0 0 0 0 0 0 0 0 0 0 0 0 0 0 0 0 0 0 0 0 0 0 0 0 0 0 0 0 0 0 0 0 0 0 0 0
0 0 0 0 0 0 0 0 0 0 0 0 0 0 0 0 0 0 0 0 0 0 0 9.62463e+38 9.62463e+38 6.80564e+38 0 0 0 0 0 0 0 0 0 0 0 9.62463e+38 9.62463e+38 0 0 0 0 0 0 0 0 0 0 0 0 0 0 0 0 0 0 0 0 0 0 0 0 0 0 0 0 0 0 0 0 0 0 0 0 0 0 0 0 0 0 0 0 0 0 0 0 0 0 0 0 0 0 0 0 0 0 0 0 0 0 0 0 0 0 0 0 0 0 0 0
0 0 0 0 0 0 0 0 0 0 0 0 0 0 0 0 0 0 0 0 0 0 0 0 6.80564e+38 9.62463e+38 9.62463e+38 6.80564e+38 0 0 0 0 0 0 0 0 0 0 9.62463e+38 6.80564e+38 0 0 0 0 0 0 0 0 0 0 0 0 0 0 0 0 0 0 0 0 0 0 0 0 0 0 0 0 0 0 0 0 0 0 0 0 0 0 0 0 0 0 0 0 0 0 0 0 0 0 0 0 0 0 0 0 0 0 0 0 0 0 0 0 0 0 0 0 0 0 0
0 0 0 0 0 0 0 0 0 0 0 0 0 0 0 0 0 0 0 0 0 0 0 0 0 0 6.80564e+38 9.62463e+38 9.62463e+38 0.04 0 0 0 0 0 0 0 0 6.80564e+38 9.62463e+38 6.80564e+38 0 0 0 0 0 0 0 0 0 0 0 0 0 0 0 0 0 0 0 0 0 0 0 0 0 0 0 0 0 0 0 0 0 0 0 0 0 0 0 0 0 0 0 0 0 0 0 0 0 0 0 0 0 0 0 0 0 0 0 0 0 0 0 0 0 0 0 0 0 0
0 0 0 0 0 0 0 0 0 0 0 0 0 0 0 0 0 0 0 0 0 0 0 0 0 0 0 0 9.62463e+38 9.62463e+38 0.0565685 6 0 0 0 0 0 0 0 6.80564e+38 9.62463e+38 9.62463e+38 0 0 0 0 0 0 0 0 0 0 0 0 0 0 0 0 0 0 0 0 0 0 0 0 0 0 0 0 0 0 0 0 0 0 0 0 0 0 0 0 0 0 0 0 0 0 0 0 0 0 0 0 0 0 0 0 0 0 0 0 0 0 0 0 0 0 0 0 0
0 0 0 0 0 0 0 0 0 0 0 0 0 0 0 0 0 0 0 0 0 0 0 0 0 0 0 0 0 9.62463e+38 9.62463e+38 6.00013 8.12591 0 0 0 0 0.04 0 0 0.04 9.62463e+38 9.62463e+38 0 0 0 0 0 0 0 0 0 0 0 0 0 0 0 0 0 0 0 0 0 0 0 0 0 0 0 0 0 0 0 0 0 0 0 0 0 0 0 0 0 0 0 0 0 0 0 0 0 0 0 0 0 0 0 0 0 0 0 0 0 0 0 0 0 0 0 0
0 0 0 0 0 0 0 0 0 0 0 0 0 0 0 0 0 0 0 0 0 0 0 0 0 0 0 0 0 0 9.62463e+38 6.80564e+38 6 5.48 0 0 0.04 0 0.04 0 0.0565685 0 9.62463e+38 9.62463e+38 0 0 0 0 0 0 0 0 0 0 0 0 0 0 0 0 0 0 0 0 0 0 0 0 0 0 0 0 0 0 0 0 0 0 0 0 0 0 0 0 0 0 0 0 0 0 0 0 0 0 0 0 0 0 0 0 0 0 0 0 0 0 0 0 0 0 0
0 0 0 0 0 0 0 0 0 0 0 0 0 0 0 0 0 0 0 0 0 0 0 0 0 0 0 0 0 0 6.80564e+38 6.80564e+38 5.96013 0 0 0 0 0.04 0 0.0565685 0 0 0 9.62463e+38 9.62463e+38 0 0 0 0 0 0 0 0 0 0 0 0 0 0 0 0 0 0 0 0 0 0 0 0 0 0 0 0 0 0 0 0 0 0 0 0 0 0 0 0 0 0 0 0 0 0 0 0 0 0 0 0 0 0 0 0 0 0 0 0 0 0 0 0 0 0
0 0 0 0 0 0 0 0 0 0 0 0 0 0 0 0 0 0 0 0 0 0 0 0 0 0 0 0 0 0 6.80564e+38 6.80564e+38 5.84 5.52 0 0 0 0 6.80564e+38 0 0 0 0.0565685 0 9.62463e+38 9.62463e+38 0 0 0 0 0 0 0 0 0 0 0 0 0 0 0 0 0 0 0 0 0 0 0 0 0 0 0 0 0 0 0 0 0 0 0 0 0 0 0 0 0 0 0 0 0 0 0 0 0 0 0 0 0 0 0 0 0 0 0 0 0 0 0 0 0
0 0 0 0 0 0 0 0 0 0 0 0 0 0 0 0 0 0 0 0 0 0 0 0 0 0 0 0 0 0 6.80564e+38 6.80564e+38 5.72126 0 0 0 0 9.62463e+38 0 6.80564e+38 0 0.0565685 0 0 0 9.62463e+38 9.62463e+38 0 0 0 0 0 0 0 0 0 0 0 0 0 0 0 0 0 0 0 0 0 0 0 0 0 0 0 0 0 0 0 0 0 0 0 0 0 0 0 0 0 0 0 0 0 0 0 0 0 0 0 0 0 0 0 0 0 0 0 0 0 0 0 0
0 0 0 0 0 0 0 0 0 0 0 0 0 0 0 0 0 0 0 0 0 0 0 0 0 0 0 0 0 0 6.80564e+38 6.80564e+38 5.79683 5.4 0 0 6.80564e+38 0 9.62463e+38 0 0.04 0 0 0 0 0 9.62463e+38 6.80564e+38 0 0 0 0 0 0 0 0 0 0 0 0 0 0 0 0 0 0 0 0 0 0 0 0 0 0 0 0 0 0 0 0 0 0 0 0 0 0 0 0 0 0 0 0 0 0 0 0 0 0 0 0 0 0 0 0 0 0 0 0 0 0 0
0 0 0 0 0 0 0 0 0 0 0 0 0 0 0 0 0 0 0 0 0 0 0 0 0 0 0 0 0 0 6.80564e+38 6.80564e+38 6.07961 1.64 0 6.80564e+38 0 0.04 0 0 0 0 0 0 0 0.04 9.62463e+38 6.80564e+38 0 0 0 0 0 0 0 0 0 0 0 0 0 0 0 0 0 0 0 0 0 0 0 0 0 0 0 0 0 0 0 0 0 0 0 0 0 0 0 0 0 0 0 0 0 0 0 0 0 0 0 0 0 0 0 0 0 0 0 0 0 0 0
0 0 0 0 0 0 0 0 0 0 0 0 0 0 0 0 0 0 0 0 0 0 0 0 0 0 0 0 0 0 6.80564e+38 6.80564e+38 6.34388 4.2 9.62463e+38 0 0.04 0 6.80564e+38 0 0 0 0 0 0 9.62463e+38 9.62463e+38 6.80564e+38 6.80564e+38 0 0 0 0 0 0 0 0 0 0 0 0 0 0 0 0 0 0 0 0 0 0 0 0 0 0 0 0 0 0 0 0 0 0 0 0 0 0 0 0 0 0 0 0 0 0 0 0 0 0 0 0 0 0 0 0 0 0 0 0 0 0
0 0 0 0 0 0 0 0 0 0 0 0 0 0 0 0 0 0 0 0 0 0 0 0 0 0 0 0 0 0 6.80564e+38 6.80564e+38 5.91053 9.62463e+38 0 9.62463e+38 0 6.80564e+38 0 0 0 0 0 0 6.80564e+38 9.62463e+38 9.62463e+38 9.62463e+38 6.80564e+38 9.62463e+38 6.80564e+38 0 0 0 0 0 0 0 0 0 0 0 0 0 0 0 0 0 0 0 0 0 0 0 0 0 0 0 0 0 0 0 0 0 0 0 0 0 0 0 0 0 0 0 0 0 0 0 0 0 0 0 0 0 0 0 0 0 0 0 0
0 0 0 0 0 0 0 0 0 0 0 0 0 0 0 0 0 0 0 0 0 0 0 0 0 0 0 0 0 0 6.80564e+38 6.80564e+38 6.80564e+38 3.6 9.62463e+38 0 0.04 0 0 0 0 0 0 0 6.80564e+38 0.04 9.62463e+38 9.62463e+38 0 9.62463e+38 6.80564e+38 6.80564e+38 0 0 0 0 0 0 0 0 0 0 0 0 0 0 0 0 0 0 0 0 0 0 0 0 0 0 0 0 0 0 0 0 0 0 0 0 0 0 0 0 0 0 0 0 0 0 0 0 0 0 0 0 0 0 0 0 0 0 0
0 0 0 0 0 0 0 0 0 0 0 0 0 0 0 0 0 0 0 0 0 0 0 0 0 0 0 0 0 0 6.80564e+38 6.80564e+38 5.77678 6.80564e+38 0 0.04 0 0.04 0 0 0 0 0 0 6.80564e+38 6.80564e+38 6.80564e+38 0 9.62463e+38 9.62463e+38 9.62463e+38 6.80564e+38 6.80564e+38 0 0 0 0 0 0 0 0 0 0 0 0 0 0 0 0 0 0 0 0 0 0 0 0 0 0 0 0 0 0 0 0 0 0 0 0 0 0 0 0 0 0 0 0 0 0 0 0 0 0 0 0 0 0 0 0 0 0
0 0 0 0 0 0 0 0 0 0 0 0 0 0 0 0 0 0 0 0 0 0 0 0 0 0 0 0 0 0 6.80564e+38 6.80564e+38 5.69702 4.04 0 0 0.04 0 0 0 0 0 0 0 0 9.62463e+38 0 9.62463e+38 9.62463e+38 9.62463e+38 9.62463e+38 9.62463e+38 6.80564e+38 6.80564e+38 0 0 0 0 0 0 0 0 0 0 0 0 0 0 0 0 0 0 0 0 0 0 0 0 0 0 0 0 0 0 0 0 0 0 0 0 0 0 0 0 0 0 0 0 0 0 0 0 0 0 0 0 0 0 0 0 0
0 0 0 0 0 0 0 0 0 0 0 0 0 0 0 0 0 0 0 0 0 0 0 0 0 0 0 0 0 0 6.80564e+38 6.80564e+38 5.65148 4.24 0 0 0 0 0 0 0 0 0 0 0.04 0 6.80564e+38 9.62463e+38 9.62463e+38 9.62463e+38 9.62463e+38 9.62463e+38 9.62463e+38 0 0 0 0 0 0 0 0 0 0 0 0 0 0 0 0 0 0 0 0 0 0 0 0 0 0 0 0 0 0 0 0 0 0 0 0 0 0 0 0 0 0 0 0 0 0 0 0 0 0 0 0 0 0 0 0 0 0
0 0 0 0 0 0 0 0 0 0 0 0 0 0 0 0 0 0 0 0 0 0 0 0 0 0 0 0 0 0 6.80564e+38 6.80564e+38 5.59228 4.4 0 0 0 0 0 0 0 0 0 0 0 0.04 6.80564e+38 9.62463e+38 9.62463e+38 9.62463e+38 9.62463e+38 9.62463e+38 0 0 0 0 0 0 0 0 0 0 0 0 0 0 0 0 0 0 0 0 0 0 0 0 0 0 0 0 0 0 0 0 0 0 0 0 0 0 0 0 0 0 0 0 0 0 0 0 0 0 0 0 0 0 0 0 0 0 0
0 0 0 0 0 0 0 0 0 0 0 0 0 0 0 0 0 0 0 0 0 0 0 0 0 0 0 0 0 0 6.80564e+38 6.80564e+38 5.54833 4.84 0 0 0 0 0 0 0 0 0 0 0 6.80564e+38 9.62463e+38 6.80564e+38 9.62463e+38 9.62463e+38 9.62463e+38 0 0 0 6.80564e+38 0 6.80564e+38 0 0 0 0 0 0 0 0 0 0 0 0 0 0 0 0 0 0 0 0 0 0 0 0 0 0 0 0 0 0 0 0 0 0 0 0 0 0 0 0 0 0 0 0 0 0 0 0 0 0 0 0 0 0
0 0 0 0 0 0 0 0 0 0 0 0 0 0 0 0 0 0 0 0 0 0 0 0 0 0 0 0 0 0 6.80564e+38 6.80564e+38 5.4494 4.96 0 0 0 0 0 0 0 6.80564e+38 0 0 9.62463e+38 9.62463e+38 6.80564e+38 9.62463e+38 9.62463e+38 9.62463e+38 0 0 0 9.62463e+38 6.80564e+38 6.80564e+38 6.80564e+38 9.62463e+38 0 0 0 0 0 0 0 0 0 0 0 0 0 0 0 0 0 0 0 0 0 0 0 0 0 0 0 0 0 0 0 0 0 0 0 0 0 0 0 0 0 0 0 0 0 0 0 0 0 0 0 0 0
0 0 0 0 0 0 0 0 0 0 0 0 0 0 0 0 0 0 0 0 0 0 0 0 0 0 0 0 0 0 6.80564e+38 6.80564e+38 5.96858 4.52 0 0 0 0 6.80564e+38 0 9.62463e+38 0 6.80564e+38 9.62463e+38 9.62463e+38 9.62463e+38 9.62463e+38 6.80564e+38 9.62463e+38 0 0 0 9.62463e+38 9.62463e+38 0 6.80564e+38 0 6.80564e+38 9.62463e+38 0 0 0 0 0 0 0 0 0 0 0 0 0 0 0 0 0 0 0 0 0 0 0 0 0 0 0 0 0 0 0 0 0 0 0 0 0 0 0 0 0 0 0 0 0 0 0 0 0 0 0 0
0 0 0 0 0 0 0 0 0 0 0 0 0 0 0 0 0 0 0 0 0 0 0 0 0 0 0 0 0 0 6.80564e+38 6.80564e+38 5.8887 4.64 0 0 0 6.80564e+38 0 0.04 0 9.62463e+38 9.62463e+38 9.62463e+38 9.62463e+38 9.62463e+38 0 6.80564e+38 6.80564e+38 6.80564e+38 6.80564e+38 9.62463e+38 9.62463e+38 0 0 0 9.62463e+38 0.0565685 6.80564e+38 9.62463e+38 0 0 0 0 0 0 0 0 0 0 0 0 0 0 0 0 0 0 0 0 0 0 0 0 0 0 0 0 0 0 0 0 0 0 0 0 0 0 0 0 0 0 0 0 0 0 0 0 0 0 0
0 0 0 0 0 0 0 0 0 0 0 0 0 0 0 0 0 0 0 0 0 0 0 0 0 0 0 0 0 0 6.80564e+38 6.80564e+38 5.84055 4.84 0 0 0 0 6.80564e+38 0 6.80564e+38 9.62463e+38 9.62463e+38 9.62463e+38 9.62463e+38 6.80564e+38 6.80564e+38 9.62463e+38 0 9.62463e+38 6.80564e+38 6.80564e+38 0 0 0 6.80564e+38 0.04 9.62463e+38 3.3726 9.62463e+38 9.62463e+38 6.80564e+38 0 0 0 0 0 0 0 0 0 0 0 0 0 0 0 0 0 0 0 0 0 0 0 0 0 0 0 0 0 0 0 0 0 0 0 0 0 0 0 0 0 0 0 0 0 0 0 0 0
0 0 0 0 0 0 0 0 0 0 0 0 0 0 0 0 0 0 0 0 0 0 0 0 0 0 0 0 0 0 6.80564e+38 6.80564e+38 5.96215 4.72 0 0 0 0 0 0.04 6.80564e+38 9.62463e+38 9.62463e+38 9.62463e+38 6.80564e+38 9.62463e+38 6.80564e+38 0 9.62463e+38 6.80564e+38 0.04 0 0 0 6.80564e+38 0 6.80564e+38 2.76029 2.88 1.08296 6.80564e+38 9.62463e+38 9.62463e+38 0 0 0 0 0 0 0 0 0 0 0 0 0 0 0 0 0 0 0 0 0 0 0 0 0 0 0 0 0 0 0 0 0 0 0 0 0 0 0 0 0 0 0 0 0 0 0 0
0 0 0 0 0 0 0 0 0 0 0 0 0 0 0 0 0 0 0 0 0 0 0 0 0 0 0 0 0 0 6.80564e+38 6.80564e+38 5.96483 4.68 0 0 0 0 0 0 6.80564e+38 6.80564e+38 9.62463e+38 6.80564e+38 9.62463e+38 9.62463e+38 9.62463e+38 9.62463e+38 6.80564e+38 0.04 0 0 0 9.62463e+38 0 6.80564e+38 0 0 3.63208 3.67325 0.0565685 0.64 9.62463e+38 9.62463e+38 0 0 0 0 0 0 0 0 0 0 0 0 0 0 0 0 0 0 0 0 0 0 0 0 0 0 0 0 0 0 0 0 0 0 0 0 0 0 0 0 0 0 0 0 0 0 0
0 0 0 0 0 0 0 0 0 0 0 0 0 0 0 0 0 0 0 0 0 0 0 0 0 0 0 0 0 0 6.80564e+38 6.80564e+38 5.8849 4.96 0 0 0 0 0 0 0.04 6.80564e+38 9.62463e+38 9.62463e+38 9.62463e+38 9.62463e+38 6.80564e+38 0 0 0 0 0.04 9.62463e+38 0 9.62463e+38 0 0 0.72111 0.6 6.80564e+38 2.84 0.888144 0.641249 9.62463e+38 9.62463e+38 0 0 0 0 0 0 0 0 0 0 0 0 0 0 0 0 0 0 0 0 0 0 0 0 0 0 0 0 0 0 0 0 0 0 0 0 0 0 0 0 0 0 0 0 0 0
0 0 0 0 0 0 0 0 0 0 0 0 0 0 0 0 0 0 0 0 0 0 0 0 0 0 0 0 0 0 6.80564e+38 6.80564e+38 5.99106 4.92 0 0 0 0 0 0 0 9.62463e+38 9.62463e+38 0 6.80564e+38 6.80564e+38 0 0 0 0 0.04 6.80564e+38 0.04 9.62463e+38 0 0 0.4 0 6.80564e+38 6.80564e+38 6.80564e+38 0.850412 0.233238 0.641249 9.62463e+38 9.62463e+38 0 0 0 0 0 0 0 0 0 0 0 0 0 0 0 0 0 0 0 0 0 0 0 0 0 0 0 0 0 0 0 0 0 0 0 0 0 0 0 0 0 0 0 0 0
0 0 0 0 0 0 0 0 0 0 0 0 0 0 0 0 0 0 0 0 0 0 0 0 0 0 0 0 0 0 6.80564e+38 6.80564e+38 5.98264 5.88 0 0 0 0 0 0 6.80564e+38 9.62463e+38 0 0 6.80564e+38 6.80564e+38 0 0 0 0 0 0.04 6.80564e+38 0 0 6.80564e+38 0 0.594643 9.62463e+38 2.4 6.80564e+38 0.768375 0.850412 0.809938 0.6 9.62463e+38 9.62463e+38 0 0 0 0 0 0 0 0 0 0 0 0 0 0 0 0 0 0 0 0 0 0 0 0 0 0 0 0 0 0 0 0 0 0 0 0 0 0 0 0 0 0 0 0
0 0 0 0 0 0 0 0 0 0 0 0 0 0 0 0 0 0 0 0 0 0 0 0 0 0 0 0 0 0 6.80564e+38 6.80564e+38 6.13501 5.44 0 0 0 0 0 0 9.62463e+38 6.80564e+38 0 6.80564e+38 9.62463e+38 6.80564e+38 0 0 0 0 0 0 0 0 9.62463e+38 0 6.80564e+38 9.62463e+38 9.62463e+38 9.62463e+38 9.62463e+38 6.80564e+38 2.76029 2.84 0.04 2.92027 9.62463e+38 6.80564e+38 0 0 0 0 0 0 0 0 0 0 0 0 0 0 0 0 0 0 0 0 0 0 0 0 0 0 0 0 0 0 0 0 0 0 0 0 0 0 0 0 0 0 0
0 0 0 0 0 0 0 0 0 0 0 0 0 0 0 0 0 0 0 0 0 0 0 0 0 0 0 0 0 0 6.80564e+38 6.80564e+38 6.01611 4.6 0 0 0 0 0 6.80564e+38 9.62463e+38 0 9.62463e+38 9.62463e+38 6.80564e+38 0 0 0 0 0 0 0 0 9.62463e+38 0 9.62463e+38 9.62463e+38 9.62463e+38 9.62463e+38 6.80564e+38 9.62463e+38 6.80564e+38 6.80564e+38 3.2538 3.67325 2.9211 6.80564e+38 6.80564e+38 0 0 0 0 0 0 0 0 0 0 0 0 0 0 0 0 0 0 0 0 0 0 0 0 0 0 0 0 0 0 0 0 0 0 0 0 0 0 0 0 0 0 0
0 0 0 0 0 0 0 0 0 0 0 0 0 0 0 0 0 0 0 0 0 0 0 0 0 0 0 0 0 0 6.80564e+38 6.80564e+38 6.06419 5 0 0 0 0 0 6.80564e+38 6.80564e+38 6.80564e+38 9.62463e+38 0 0 0 0 0 0.04 0 0 0 9.62463e+38 0 9.62463e+38 9.62463e+38 9.62463e+38 9.62463e+38 6.80564e+38 9.62463e+38 6.80564e+38 9.62463e+38 0.582409 0.848528 3.63208 3.15163 9.62463e+38 6.80564e+38 0 0 0 0 0 0 0 0 0 0 0 0 0 0 0 0 0 0 0 0 0 0 0 0 0 0 0 0 0 0 0 0 0 0 0 0 0 0 0 0 0 0 0
0 0 0 0 0 0 0 0 0 0 0 0 0 0 0 0 0 0 0 0 0 0 0 0 0 0 0 0 0 0 6.80564e+38 6.80564e+38 6.02249 3.72 0 0 0 0 0 6.80564e+38 6.80564e+38 9.62463e+38 6.80564e+38 6.80564e+38 0 0 0 0.0565685 0 0.04 0 9.62463e+38 0 9.62463e+38 9.62463e+38 9.62463e+38 9.62463e+38 6.80564e+38 9.62463e+38 6.80564e+38 9.62463e+38 0.44 0.6 0.6 0 6.80564e+38 9.62463e+38 0 0 6.80564e+38 0 0 0 0 0 0 0 0 0 0 0 0 0 0 0 0 0 0 0 0 0 0 0 0 0 0 0 0 0 0 0 0 0 0 0 0 0 0 0 0 0
0 0 0 0 0 0 0 0 0 0 0 0 0 0 0 0 0 0 0 0 0 0 0 0 0 0 0 0 0 0 6.80564e+38 6.80564e+38 6.01079 4.48 0 0 0 0 0 6.80564e+38 6.80564e+38 9.62463e+38 9.62463e+38 0 6.80564e+38 6.80564e+38 6.80564e+38 0 0.0565685 0 9.62463e+38 0 9.62463e+38 9.62463e+38 9.62463e+38 9.62463e+38 9.62463e+38 9.62463e+38 6.80564e+38 9.62463e+38 0 0 0 0 0 6.80564e+38 6.80564e+38 0 9.62463e+38 6.80564e+38 9.62463e+38 0 0 0 0 0 0 0 0 0 0 0 0 0 0 0 0 0 0 0 0 0 0 0 0 0 0 0 0 0 0 0 0 0 0 0 0 0 0 0 0
0 0 0 0 0 0 0 0 0 0 0 0 0 0 0 0 0 0 0 0 0 0 0 0 0 0 0 0 0 0 6.80564e+38 6.80564e+38 6.02249 3.36 0 0 0 0 0 0 6.80564e+38 9.62463e+38 0 9.62463e+38 9.62463e+38 9.62463e+38 6.80564e+38 6.80564e+38 0 9.62463e+38 0 9.62463e+38 9.62463e+38 9.62463e+38 9.62463e+38 9.62463e+38 9.62463e+38 0.04 9.62463e+38 0 0 0 0 0 6.80564e+38 9.62463e+38 9.62463e+38 9.62463e+38 9.62463e+38 0.04 6.80564e+38 6.80564e+38 0 0 0 0 0 0 0 0 0 0 0 0 0 0 0 0 0 0 0 0 0 0 0 0 0 0 0 0 0 0 0 0 0 0 0 0 0 0 0
0 0 0 0 0 0 0 0 0 0 0 0 0 0 0 0 0 0 0 0 0 0 0 0 0 0 0 0 0 0 6.80564e+38 6.80564e+38 6.1522 5 0 0 0 0 0 0 6.80564e+38 0 9.62463e+38 6.80564e+38 6.80564e+38 9.62463e+38 9.62463e+38 0 9.62463e+38 0.04 9.62463e+38 9.62463e+38 9.62463e+38 9.62463e+38 9.62463e+38 9.62463e+38 0.04 9.62463e+38 0 0 0 0 0 9.62463e+38 9.62463e+38 9.62463e+38 9.62463e+38 6.80564e+38 0.0565685 9.62463e+38 9.62463e+38 0 0 0 0 0 0 0 0 0 0 0 0 0 0 0 0 0 0 0 0 0 0 0 0 0 0 0 0 0 0 0 0 0 0 0 0 0 0 0 0
0 0 0 0 0 0 0 0 0 0 0 0 0 0 0 0 0 0 0 0 0 0 0 0 0 0 0 0 0 0 6.80564e+38 6.80564e+38 6.76272 2 0 0 0 0 0 0 0 6.80564e+38 0 0 6.80564e+38 6.80564e+38 0 9.62463e+38 0.04 9.62463e+38 9.62463e+38 9.62463e+38 9.62463e+38 9.62463e+38 9.62463e+38 0 9.62463e+38 0 0 0 0 6.80564e+38 9.62463e+38 6.80564e+38 6.80564e+38 9.62463e+38 6.80564e+38 0.04 9.62463e+38 9.62463e+38 0 0 0 0 0 0 0 0 0 0 0 0 0 0 0 0 0 0 0 0 0 0 0 0 0 0 0 0 0 0 0 0 0 0 0 0 0 0 0 0 0
0 0 0 0 0 0 0 0 0 0 0 0 0 0 0 0 0 0 0 0 0 0 0 0 0 0 0 0 0 0 6.80564e+38 6.80564e+38 6.31202 1.88 0 0 0 0 0 0 0 0 0 0 0 0 6.80564e+38 0.04 9.62463e+38 6.80564e+38 6.80564e+38 9.62463e+38 9.62463e+38 9.62463e+38 0.04 9.62463e+38 0 0 0 0 6.80564e+38 6.80564e+38 9.62463e+38 6.80564e+38 6.80564e+38 6.80564e+38 0 9.62463e+38 9.62463e+38 0 0 0 0 0 0 0 0 0 0 0 0 0 0 0 0 0 0 0 0 0 0 0 0 0 0 0 0 0 0 0 0 0 0 0 0 0 0 0 0 0 0
0 0 0 0 0 0 0 0 0 0 0 0 0 0 0 0 0 0 0 0 0 0 0 0 0 0 0 0 0 0 6.80564e+38 6.80564e+38 6.25281 3.96 0 0 0 0 0 0 0 0 0 0 0 0 0.04 6.80564e+38 6.80564e+38 0.04 6.80564e+38 6.80564e+38 9.62463e+38 0.04 9.62463e+38 0 0 0 0 0 0 9.62463e+38 6.80564e+38 6.80564e+38 6.80564e+38 0 6.80564e+38 9.62463e+38 0 0 0 0 0 0 0 0 0 0 0 0 0 0 0 0 0 0 0 0 0 0 0 0 0 0 0 0 0 0 0 0 0 0 0 0 0 0 0 0 0 0 0
0 0 0 0 0 0 0 0 0 0 0 0 0 0 0 0 0 0 0 0 0 0 0 0 0 0 0 0 0 0 6.80564e+38 6.80564e+38 6.00013 3.64 0 0 0 0 0 0 0 0 0 0 0 0 0.04 6.80564e+38 0.04 6.80564e+38 0.04 6.80564e+38 0.04 9.62463e+38 0 0 0 0 0 0 0 6.80564e+38 6.80564e+38 9.62463e+38 0 6.80564e+38 6.80564e+38 6.80564e+38 0 0 0 0 0 0 0 0 0 0 0 0 0 0 0 0 0 0 0 0 0 0 0 0 0 0 0 0 0 0 0 0 0 0 0 0 0 0 0 0 0 0 0
0 0 0 0 0 0 0 0 0 0 0 0 0 0 0 0 0 0 0 0 0 0 0 0 0 0 0 0 0 0 6.80564e+38 6.80564e+38 6.0048 3.92 0 0 0 0 0 0 0 0 0 0 0 0.04 0 0.04 6.80564e+38 0.04 6.80564e+38 0.0565685 6.80564e+38 0.04 0 0 0 0 0 0 0 0 6.80564e+38 0 6.80564e+38 6.80564e+38 6.80564e+38 6.80564e+38 0 0 0 0 0 0 0 0 0 0 0 0 0 0 0 0 0 0 0 0 0 0 0 0 0 0 0 0 0 0 0 0 0 0 0 0 0 0 0 0 0 0 0
0 0 0 0 0 0 0 0 0 0 0 0 0 0 0 0 0 0 0 0 0 0 0 0 0 0 0 0 0 0 6.80564e+38 6.80564e+38 6.01917 3.4 0 0 0 0 0 0 0 0 0 0 0 0 0.04 0 0 6.80564e+38 0.04 6.80564e+38 0.0565685 0 0 0 0.04 6.80564e+38 0 0 0 0 0 0 6.80564e+38 6.80564e+38 6.80564e+38 6.80564e+38 0 0 0 0 0 0 0 0 0 0 0 6.80564e+38 0 0 0 0 0 0 0 0 0 0 0 0 0 0 0 0 0 0 0 0 0 0 0 0 0 0 0 0 0 0 0
0 0 0 0 0 0 0 0 0 0 0 0 0 0 0 0 0 0 0 0 0 0 0 0 0 0 0 0 0 0 9.62463e+38 6.80564e+38 6.89638 3.44 0 0 0 0 0 0 1.32 1.32 0.68 0.68 0.68 0.68 0.68 0.68 0.68 0.68 6.80564e+38 0.72 0.933809 0.72 0.68 0.681175 6.80564e+38 0.681175 6.80564e+38 1.36 1.36 0 6.80564e+38 0 6.80564e+38 6.80564e+38 6.80564e+38 6.80564e+38 6.80564e+38 0 0 6.80564e+38 6.80564e+38 6.80564e+38 0 0 0 0 9.62463e+38 6.80564e+38 9.62463e+38 0 0 0 0 0 0 0 0 0 0 0 0 0 0 0 0 0 0 0 0 0 0 0 0 0 0 0 0 0 0
0 0 0 0 0 0 0 0 0 0 0 0 0 0 0 0 0 0 0 0 0 0 0 0 0 0 0 0 6.80564e+38 9.62463e+38 9.62463e+38 6 6.88151 0 0 0 0 0 0 1.32 1.98313 1.64924 0.933809 0.68 0.68 0.68 0.68 0.68 0.68 0.68 1.32 0.04 0.761052 0.76 0.681175 0.68 0.72 6.80564e+38 0.68 1.70176 2.03961 6.80564e+38 6.80564e+38 6.80564e+38 9.62463e+38 6.80564e+38 6.80564e+38 6.80564e+38 6.80564e+38 0 9.62463e+38 9.62463e+38 6.80564e+38 9.62463e+38 9.62463e+38 0 0 9.62463e+38 9.62463e+38 0.04 9.62463e+38 9.62463e+38 0 0 0 0 0 0 0 0 0 0 0 0 0 0 0 0 0 0 0 0 0 0 0 0 0 0 0 0 0
0 0 0 0 0 0 0 0 0 0 0 0 0 0 0 0 0 0 0 0 0 0 0 0 0 0 6.80564e+38 9.62463e+38 9.62463e+38 6.80564e+38 0 5.96 0 0 0 0 0 0 0 1.48 1.55332 0.861626 0.885438 0.28 0.28 0.28 0.28 0.28 0.32 0.69857 0.72 0.626099 0.329848 0.291204 0.291204 0.28 0.28 0.735391 0.923472 1.55332 1.58493 9.62463e+38 0 6.80564e+38 6.80564e+38 0 0 6.80564e+38 0 6.80564e+38 9.62463e+38 0 0 0 9.62463e+38 9.62463e+38 9.62463e+38 9.62463e+38 0 0 0 9.62463e+38 9.62463e+38 0 0 0 0 0 0 0 0 0 0 0 0 0 0 0 0 0 0 0 0 0 0 0 0 0 0 0 0
0 0 0 0 0 0 0 0 0 0 0 0 0 0 0 0 0 0 0 0 0 0 0 0 6.80564e+38 9.62463e+38 9.62463e+38 6.80564e+38 0 0 0 0 0 0 0 0 0 0 0 1.64 1.66373 0.72111 0.751532 0.32 0.32 0.32 0.32 0.32249 0.32 0.51225 0.08 0.51225 0.243311 0.243311 0.32249 0.32 0.32 0.32 1.23223 0.708802 6.80564e+38 9.62463e+38 0 9.62463e+38 6.80564e+38 6.80564e+38 0 0 0 6.80564e+38 6.80564e+38 0 0 0 0 6.80564e+38 6.80564e+38 0 0 0 0 0 9.62463e+38 9.62463e+38 0 0 0 0 0 0 0 0 0 0 0 0 0 0 0 0 0 0 0 0 0 0 0 0 0 0 0
0 0 0 0 0 0 0 0 0 0 0 0 0 0 0 0 0 0 0 0 0 0 6.80564e+38 9.62463e+38 9.62463e+38 6.80564e+38 0 0 0 0 0 0 0 0 0 0 0 0 0 1.76 1.76726 0.77666 0.761052 0.04 0.04 0.04 0.04 0.04 0 0.401995 0 0.401995 0 0 0.04 0.04 0.04 0.04 0.761052 0.769415 6.80564e+38 6.80564e+38 0 6.80564e+38 6.80564e+38 6.80564e+38 0 0 0 9.62463e+38 6.80564e+38 0 0 0 0 0 0 0 0 0 0 0 0 9.62463e+38 9.62463e+38 0 0 0 0 0 0 0 0 0 0 0 0 0 0 0 0 0 0 0 0 0 0 0 0 0 0
0 0 0 0 0 0 0 0 0 0 0 0 0 0 0 0 0 0 0 0 6.80564e+38 9.62463e+38 9.62463e+38 6.80564e+38 0 0 0 0 0 0 0 0 0 0 0 0 0 0 0 1.8 1.80178 0.80399 0.8 0 0 0 0 0 0 0.4 0 0.4 0 0 0 0 0 0 0.8 0.80399 6.80564e+38 9.62463e+38 0 0 6.80564e+38 0 0 0 6.80564e+38 9.62463e+38 0 0 0 0 0 0 0 0 0 0 0 0 0 0 9.62463e+38 9.62463e+38 0 0 0 0 0 0 0 0 0 0 0 0 0 0 0 0 0 0 0 0 0 0 0 0 0
0 0 0 0 0 0 0 0 0 0 0 0 0 0 0 0 0 0 6.80564e+38 9.62463e+38 9.62463e+38 6.80564e+38 0 0 0 0 0 0 0 0 0 0 0 0 0 0 0 0 0 1.84 1.84043 0.840952 0.84 0 0 0 0 0 0 0.4 0 0.4 0 0 0 0 0 0 0.84 0.840952 1.16069 9.62463e+38 9.62463e+38 6.80564e+38 6.80564e+38 6.80564e+38 0 0 6.80564e+38 6.80564e+38 0 0 0 0 0 0 0 0 0 0 0 0 0 0 0 9.62463e+38 9.62463e+38 0 0 0 0 0 0 0 0 0 0 0 0 0 0 0 0 0 0 0 0 0 0 0 0
0 0 0 0 0 0 0 0 0 0 0 0 0 0 0 0 6.80564e+38 9.62463e+38 9.62463e+38 6.80564e+38 0 0 0 0 0 0 0 0 0 0 0 0 0 0 0 0 0 0 0 1.84 1.84 0.840952 1.16 0.8 0.8 0.8 0.8 0.8 0.8 0.894427 0.4 0.894427 0.8 0.8 0.8 0.8 0.8 0.8 1.16 0.840952 0.960833 1.86118 6.80564e+38 6.80564e+38 6.80564e+38 9.62463e+38 6.80564e+38 0 6.80564e+38 6.80564e+38 0 0 0 0 0 0 0 0 0 0 0 0 0 0 0 0 9.62463e+38 9.62463e+38 0 0 0 0 0 0 0 0 0 0 0 0 0 0 0 0 0 0 0 0 0 0 0
0 0 0 0 0 0 0 0 0 0 0 0 0 0 6.80564e+38 9.62463e+38 9.62463e+38 6.80564e+38 0 0 0 0 0 0 0 0 0 0 0 0 0 0 0 0 0 0 0 0 0 1.84 2.80371 2.08038 2.9211 2.92 2.92 2.92 2.92 2.92 2.92 2.92 2.52 2.92 2.92 2.92 2.92 2.92 2.92 2.92 2.9211 2.08154 2.27438 1.88383 0.96 0 0 6.80564e+38 9.62463e+38 0 9.62463e+38 6.80564e+38 0 0 0 0 0 0 0 0 0 0 0 0 0 0 0 0 0 9.62463e+38 9.62463e+38 0 0 0 0 0 0 0 0 0 0 0 0 0 0 0 0 0 0 0 0 0 0
0 0 0 0 0 0 0 0 0 0 0 0 6.80564e+38 9.62463e+38 9.62463e+38 6.80564e+38 0.04 0 0 0 0 0 0 0 0 0 0 0 0 0 0 0 0 0 0 0 0 0 0 3.92 4.34751 1.88 1.96 1.96 1.96 1.96 1.96 1.96 1.96 1.96 2.12 1.96 2.12 1.96 1.96 2.12 1.96 1.96 1.96 1.88 3.56202 3.9202 1 0 0 0 9.62463e+38 6.80564e+38 9.62463e+38 0 0 0 0 0 0 0 0 0 0 0 0 0 0 0 0 0 0 0 9.62463e+38 9.62463e+38 0 0 0 0 0 0 0 0 0 0 0 0 0 0 0 0 0 0 0 0 0
0 0 0 0 0 0 0 0 0 0 0 9.62463e+38 9.62463e+38 6.80564e+38 0.04 0 0 0 0 0 0 0 0 0 0 0 0 0 0 0 0 0 0 0 0 0 0 0 0 3.72 3.7634 0.203961 0.2 0.2 0.2 0.16 0.2 0.2 0.16 0.226274 0.2 0.16 0.16 0.256125 0.226274 0.16 0.256125 0.16 0.16 0.226274 2.76 3.9202 1 0 0 0 0 6.80564e+38 0 0 0 0 0 0 0 0 0 0 0 0 0 0 0 0 0 0 0 0 0 9.62463e+38 9.62463e+38 0 0 0 0 0 0 0 0 0 0 0 0 0 0 0 0 0 0 0 0
0 0 0 0 0 0 0 0 0 6.80564e+38 9.62463e+38 9.62463e+38 0.04 0 0 0 0 0 0 0 0 0 0 0 0 0 0 0 0 0 0 0 0 0 0 0 0 0 0 3.76 3.72022 0.04 0.04 0.04 0.0565685 0.04 0.04 0.0565685 0.04 0.04 0.16 0.04 0.203961 0 0.04 0.203961 0 0.04 0 0.16 2.8 4.04554 0.96 0 0 0 0 0 0 0 0 0 0 0 0 0 0 0 0 0 0 0 0 0 0 0 0 0 0 0 9.62463e+38 9.62463e+38 0 0 0 0 0 0 0 0 0 0 0 0 0 0 0 0 0 0 0
0 0 0 0 0 0 0 6.80564e+38 9.62463e+38 9.62463e+38 6.80564e+38 0 0 0 0 0 0 0 0 0 0 0 0 0 0 0 0 0 0 0 0 0 0 0 0 0 0 0 0 3.76 3.76 0.0565685 0.04 0 0 0.0565685 0 0.04 0.0565685 0.04 0.04 0.0565685 0.04 0.04 0.04 0 0.0565685 0 0 0.16 3.76021 4.03584 0 0 0 0 0 0 0 0 0 0 0 0 0 0 0 0 0 0 0 0 0 0 0 0 0 0 0 0 0 9.62463e+38 9.62463e+38 0 0 0 0 0 0 0 0 0 0 0 0 0 0 0 0 0 0
0 0 0 0 0 6.80564e+38 9.62463e+38 9.62463e+38 6.80564e+38 0 0 0 0 0 0 0 0 0 0 0 0 0 0 0 0 0 0 0 0 0 0 0 0 0 0 0 0 0 0 3.76 3.76 0.04 0.04 0 0 0 0.04 0 0.04 0.04 0.04 0.0565685 0.04 0.04 0.04 0.04 0 0 0 0.12 3.76 3.88 0 0 0 0 0 0 0 0 0 0 0 0 0 0 0 0 0 0 0 0 0 0 0 0 0 0 0 0 0 0 9.62463e+38 9.62463e+38 0 0 0 0 0 0 0 0 0 0 0 0 0 0 0 0 0
0 0 0 6.80564e+38 9.62463e+38 9.62463e+38 6.80564e+38 0 0 0 0 0 0 0 0 0 0 0 0 0 0 0 0 0 0 0 0 0 0 0 0 0 0 0 0 0 0 0 0 3.76 3.76 0.0565685 0.04 0 0.04 0.0565685 0 0 0.0565685 0.0565685 0.04 0.0565685 0.04 0.04 0 0 0 0 0.04 0.16 3.76 3.92 0 0 0 0 0 0 0 0 0 0 0 0 0 0 0 0 0 0 0 0 0 0 0 0 0 0 0 0 0 0 0 9.62463e+38 9.62463e+38 0 0 0 0 0 0 0 0 0 0 0 0 0 0 0 0
0 6.80564e+38 9.62463e+38 9.62463e+38 6.80564e+38 0 0 0 0 0 0 0 0 0 0 0 0 0 0 0 0 0 0 0 0 0 0 0 0 0 0 0 0 0 0 0 0 0 0 3.76 3.72 0.0565685 0 0.0565685 0.0565685 0.04 0.04 0.0565685 0.04 0.04 0.04 0.04 0 0.0565685 0 0 0 0.0565685 0 0.16 3.76 3.88 0 0 0 0 0 0 0 0 0 0 0 0 0 0 0 0 0 0 0 0 0 0 0 0 0 0 0 0 0 0 0 5.96 9.62463e+38 6.80564e+38 0 0 0 0 0 0 0 0 0 0 0 0 0 0 0
1.52179e+39 9.62463e+38 6.80564e+38 0 0 0 0 0 0 0 0 0 0 0 0 0 0 0 0 0 0 0 0 0.8 0.8 0.8 0.8 0 0 0 0 0 0 0 0 0 0 0 0 3.76 3.72 0.0565685 0.0565685 0.0565685 0.0565685 0.04 0.0565685 0.04 0.0565685 0.04 0.04 0 0.04 0 0.04 0 0.04 0 0.0565685 0.16 3.76021 4.0008 0.8 0.8 0.8 0.8 0 0 0 0 0 0 0 0 0 0 0 0 0 0 0 0 0 0 0 0 0 0 0 0 0 0 0 6 6.80564e+38 6.80564e+38 0 0 0 0 0 0 0 0 0 0 0 0 0 0 0
6.80564e+38 0 0 0 0 0 0 0 0 0 0 0 0 0 0 0 0 0 0 0 0 0 0.8 1.13137 0.8 0.8 0.8 0.8 0 0 0 0 0 0 0 0 0 0 0 3.76 3.76 0 0.04 0.0565685 0.04 0.0565685 0.04 0.0565685 0.0565685 0 0.04 0.0565685 0 0.04 0 0.04 0 0.04 0 0.16 2.96 3.22093 0.8 0.8 0.8 1.13137 0.8 0 0 0 0 0 0 0 0 0 0 0 0 0 0 0 0 0 0 0 0 0 0 0 0 0 0 5.64 6.80564e+38 6.80564e+38 0 0 0 0 0 0 0 0 0 0 0 0 0 0 0
0 0 0 0 0 0 0 0 0 0 0 0 0 0 0 0 0 0 0 0 0 0 0.8 0.8 0 0.8 1.13137 0 0 0 0 0 0 0 0 0 0 0 0 3.76 3.72 0 0.04 0.0565685 0.0565685 0.04 0.0565685 0.04 0.04 0.04 0.0565685 0.04 0 0.04 0.04 0 0.04 0 0 0.16 2.96 3.12 0 0 0 0.8 0.8 0 0 0 0 0 0 0 0 0 0 0 0 0 0 0 0 0 0 0 0 0 0 0 0 0 0 5.68 6.80564e+38 6.80564e+38 0 0 0 0 0 0 0 0 0 0 0 0 0 0 0
0 0 0 0 0 0 0 0 0 0 0 0 0 0 0 0 0 0 0 0 0 0 0.8 0.8 0 1.13137 0.8 0 0 0 0 0 0 0 0 0 0 0 0 3.76 3.76 0.04 0.0565685 0.0565685 0 0.0565685 0.04 0.0565685 0.0565685 0.04 0.04 0 0.04 0 0.04 0.04 0 0 0.04 0.16 2.96027 3.12 0 0 0 0.8 0.8 0 0 0 0 0 0 0 0 0 0 0 0 0 0 0 0 0 0 0 0 0 0 0 0 0 0 5.72 6.80564e+38 6.80564e+38 0 0 0 0 0 0 0 0 0 0 0 0 0 0 0
0 0 0 0 0 0 0 0 0 0 0 0 0 0 0 0 0 0 0 0 0 0 0.8 0.8 0.8 1.13137 0 0 0 0 0 0 0 0 0 0 0 0 0 3.76 3.72 0.0565685 0.0565685 0 0.0565685 0.04 0.04 0.04 0 0.04 0 0 0.04 0.04 0 0 0 0.04 3.76 0.16 2.96 3.08 0 0 0 0.894427 0.8 0 0 0 0 0 0 0 0 0 0 0 0 0 0 0 0 0 0 0 0 0 0 0 0 0 0 5.76 6.80564e+38 6.80564e+38 0 0 0 0 0 0 0 0 0 0 0 0 0 0 0
0 0 0 0 0 0 0 0 0 0 0 0 0 0 0 0 0 0 0 0 0 0 0.8 1.13137 1.13137 0.8 0 0 0 0 0 0 0 0 0 0 0 0 0 3.76 3.72 0 0 0.04 0 0.04 0.04 0.0565685 0.0565685 0 0 0.0565685 0 0.04 0 0 0 3.76 0.04 3.92 2.96027 3.22093 0.8 0.8 0.894427 1.13137 0.4 0 0 0 0 0 0 0 0 0 0 0 0 0 0 0 0 0 0 0 0 0 0 0 0 0 0 5.76 6.80564e+38 6.80564e+38 0 0 0 0 0 0 0 0 0 0 0 0 0 0 0
0 0 0 0 0 0 0 0 0 0 0 0 0 0 0 0 0 0 0 0 0 0 0 0.8 0.8 0 0 0 0 0 0 0 0 0 0 0 0 0 0 3.76 3.72 0.04 0.04 0 0 0 0.0565685 0.0565685 0.04 0 0.04 0 0.0565685 0 0 0 0 0 3.76 0.16 3.76021 4.0008 0.8 0.8 0.8 0.4 0 0 0 0 0 0 0 0 0 0 0 0 0 0 0 0 0 0 0 0 0 0 0 0 0 0 0 5.8 6.80564e+38 6.80564e+38 0 0 0 0 0 0 0 0 0 0 0 0 0 0 0
0 0 0 0 0 0 0 0 0 0 0 0 0 0 0 0 0 0 0 0 0 0 0 0 0 0 0 0 0 0 0 0 0 0 0 0 0 0 0 3.76 3.72 0 0 0.0565685 0 0.04 0.0565685 0.04 0 0 0 0.04 0 0 0 0 0 0 0.04 0.12 3.7634 3.88 0 0 0 0 0 0 0 0 0 0 0 0 0 0 0 0 0 0 0 0 0 0 0 0 0 0 0 0 0 0 0 5.88 6.80564e+38 6.80564e+38 0 0 0 0 0 0 0 0 0 0 0 0 0 0 0
4.08 5.16 5.36 4.92 4.84 3.84 5.64 5.12 4.76 4.36 5.92 5.84 5.96 5.8 5.52 5.88 5.68 5.96 5.64 4.92 5.48 5.92 5.96 5.16 5.28 5.76 5.4 5.96 5.84 5.84 5.8 5.28 0 0 0 0 0 0 0 3.76 3.72 0.04 0.04 0 0.0565685 0.04 0 0 0 0 0.04 0 0 0 0.04 0 0 0.04 0 0.04 3.76 3.76 0 0 0 0 0 0 0 0 0 0 0 0 0 0 0 0 0 0 0 0 0 0 0 6.80564e+38 0 0 0 0 0 0 0 5.92 6.80564e+38 6.80564e+38 0 0 0 0 0 0 0 0 0 0 0 0 0 0 0
6.33934 6.0959 5.96483 6.02249 6.09643 6.01345 6.0959 6.06419 6.00826 6.1111 6.14101 5.96013 6.00013 6.01611 6.00053 6.00213 6.00053 6.00013 6.05006 5.96215 6.08276 5.9793 6.04794 6.03841 6.02993 6.0012 6.00333 6.01611 6.0012 6.00013 6.02608 8.34506 5.28 0 0 0 0 0 0 3.76 3.72 0.04 0 0.0565685 0 0 0.04 0.04 0 0.04 0 0.04 0 0.04 0 0.04 0 0.04 0.04 0.12 3.76191 3.88 0 0 0 0 0 0 0 0 0 0 0 0 0 0 0 0 0 0 0 0 0 0 9.62463e+38 0 6.80564e+38 0 0 0 0 0 0 5.92 6.80564e+38 6.80564e+38 0 0 0 0 0 0 0 0 0 0 0 0 0 0 0
6.80564e+38 6.80564e+38 6.80564e+38 6.80564e+38 6.80564e+38 6.80564e+38 6.80564e+38 6.80564e+38 6.80564e+38 6.80564e+38 6.80564e+38 6.80564e+38 6.80564e+38 6.80564e+38 6.80564e+38 6.80564e+38 6.80564e+38 6.80564e+38 6.80564e+38 6.80564e+38 6.80564e+38 6.80564e+38 6.80564e+38 6.80564e+38 6.80564e+38 6.80564e+38 6.80564e+38 6.80564e+38 6.80564e+38 6.80564e+38 6.80564e+38 6.03841 6 0 0 0 0 0 0 3.76 3.72 0.0565685 0.04 0.04 0 0.04 0.0565685 0 0.04 0 0.04 0 0.04 0 0.04 0 0.04 3.76 0.04 0.12 3.76021 3.88 0 0 0 0 0 0 0 0 0 0 0 0 0 0 0 0 0 0 0 0 0 6.80564e+38 0 9.62463e+38 0 0 0 0 0 0 0 5.96 6.80564e+38 9.62463e+38 0 0 0 0 0 0 0 0 0 0 0 0 0 0 0
6.80564e+38 6.80564e+38 6.80564e+38 6.80564e+38 6.80564e+38 6.80564e+38 6.80564e+38 6.80564e+38 6.80564e+38 6.80564e+38 6.80564e+38 6.80564e+38 6.80564e+38 6.80564e+38 6.80564e+38 6.80564e+38 6.80564e+38 6.80564e+38 6.80564e+38 6.80564e+38 6.80564e+38 6.80564e+38 6.80564e+38 6.80564e+38 6.80564e+38 6.80564e+38 6.80564e+38 6.80564e+38 6.80564e+38 6.80564e+38 9.62463e+38 6.80564e+38 5.96 0 0 0 0 0 0 3.76 3.76 0.04 0.04 0.04 0.04 0.0565685 0.04 0.0565685 0 0 0 0.0565685 0 0.04 0 0.04 3.76 3.72 3.76021 0.08 3.76191 3.84 0 0 0 0 0 0 0 0 0 0 0 0 0 0 0 0 0 0 0 0 0 0 6.80564e+38 0 0 0 0 0 0 0 0 0 5.96 9.62463e+38 9.62463e+38 0 0 0 0 0 0 0 0 0 0 0 0 0 0
0 0 0 0 0 0 0 0 0 0 0 0 0 0 0 0 0 0 0 0 0 0 0 0 0 0 0 0 0 0 6.80564e+38 6.80564e+38 5.96 0 0 0 0 0 0 3.76 3.72 0.04 0.0565685 0.04 0.0565685 0.0565685 0.0565685 0 0 0 0.04 0 0.0565685 0 0.0565685 0 3.72 3.72022 3.76 0.04 3.76021 3.76 0 0 0 0 0 0 0 0 0 0 2.04 2 2.04 2.04 2.04 2.04 2.04 0 0 0 0 0 0 0 0 0 0 0 0 0 0 0 0 0 9.62463e+38 6.80564e+38 0 0 0 0 0 0 0 0 0 0 0 0 0
0 0 0 0 0 0 0 0 0 0 0 0 0 0 0 0 0 0 0 0 0 0 0 0 0 0 0 0 0 0 6.80564e+38 6.80564e+38 5.96 0 0 0 0 0 0 3.76 3.72 0.04 0.04 0.04 0.04 0.0565685 0 0 0 0 0 0.04 0 0.0565685 0 0.0565685 0.04 3.72 0.0565685 0.12 3.76191 3.88 0 0 0 0 0 0 0 0 0 2.04 2.85685 2.04 2.04039 2.04 2.04 2.04 2.885 2.04 0 0 0 0 0 0 0 0 0 0 0 0 0 0 0 0 6.80564e+38 9.62463e+38 0 0 0 0 0 0 0 0 0 0 0 0 0
0 0 0 0 0 0 0 0 0 0 0 0 0 0 0 0 0 0 0 0 0 0 0 0 0 0 0 0 0 0 6.80564e+38 6.80564e+38 5.96 0 0 0 0 0 0 3.76 3.76 0.04 1.92 0.04 0.04 1.92 1.92 1.92 1.92 1.92 0.04 0.04 1.92042 0 1.88043 1.92 1.92042 1.84 0.0565685 0.304631 3.76085 3.88 0 0 0 0 0 0 0 0 0 2.04 2.04 0.04 0 0 0 0 2.04 2.04 0 0 0 0 0 0 0 0 0 0 0 0 0 0 0 0 0 9.62463e+38 9.62463e+38 0 0 0 0 0 0 0 0 0 0 0 0
0 0 0 0 0 0 0 0 0 0 0 0 0 0 0 0 0 0 0 0 0 0 0 0 0 0 0 0 0 0 6.80564e+38 6.80564e+38 5.96 0 0 0 0 0 0 3.76 3.84666 2.08 1.88043 2.68715 2.65872 2.68715 1.88 1.88 1.88 2.65872 2.65872 2.65872 1.88043 1.84 2.68715 1.88 1.88043 2.65872 2.46868 1.04307 3.66824 3.87525 0 0 0 0 0 0 0 0 0 2.04 2.04 0 0 0 0 0 2.04 2.04 0 0 0 0 0 0 0 0 0 0 0 0 0 0 0 0 0 0 9.62463e+38 9.62463e+38 0 0 0 0 0 0 0 0 0 0 0
0 0 0 0 0 0 0 0 0 0 0 0 0 0 0 0 0 0 0 0 0 0 0 0 0 0 0 0 0 0 6.80564e+38 6.80564e+38 6 0 0 0 0 0 0 2.64 3.42345 1.55795 1.08074 1.88 1.88 0.04 0.04 0.04 0.04 0.04 1.84 1.84 0.04 1.88 0.04 0.04 0.0565685 0 2.03961 1.66709 2.45601 2.87138 0.76 0 0 0 0 0 0 0 0 2.04 2.04 0 0 0 0 0 2.04 2.04 0 0 0 0 0 0 0 0 0 0 0 0 0 0 0 0 0 0 0 9.62463e+38 6.80564e+38 0 0 0 0 0 0 0 0 0 0
0 0 0 0 0 0 0 0 0 0 0 0 0 0 0 0 0 0 0 0 0 0 0 0 0 0 0 0 0 0 6.80564e+38 6.80564e+38 5.96 0 0 0 0 0 0 2.04 3.51454 1.13137 0.481664 0.04 0.0565685 0.04 0.04 0.04 0.04 0.04 0.04 0.04 0.04 0.04 0.04 0.04 0.04 0 0.164924 0.98387 1.42436 2.3286 0.92 0 0 0 0 0 0 0 0 2.04 2.04 0 0 0 0 0 2.04039 2.04 0 0 0 0 0 0 0 0 0 0 0 0 0 0 0 0 0 0 0 6.80564e+38 9.62463e+38 0 0 0 0 0 0 0 0 0 0
0 0 0 0 0 0 0 0 0 0 0 0 0 0 0 0 0 0 0 0 0 0 0 0 0 0 0 0 0 0 6.80564e+38 6.80564e+38 6 0 0 0 0 0 0 0 2.74722 2.96108 1.88 1.84 1.88 1.88 1.84 1.88 1.88 1.88 1.88 1.88 1.88 1.88 1.88 1.88 1.88 1.88 1.88 2.04 1.08812 1.84174 0.96 0 0 0 0 0 0 0 0 2.04 2.04 0 0 0 0 0.0565685 2.05407 2.08 0 0 0 0 0 0 0 0 0 0 0 0 0 0 0 0 0 0 0 0 9.62463e+38 9.62463e+38 0 0 0 0 0 0 0 0 0
0 0 0 0 0 0 0 0 0 0 0 0 0 0 0 0 0 0 0 0 0 0 0 0 0 0 0 0 0 0 6.80564e+38 6.80564e+38 6 0 0 0 0 0 0 0 0 1.84 1.84 1.84 1.84 1.84043 1.84 1.84043 1.84 1.84 1.84 1.84 1.84 1.84 1.84 1.84 1.84 1.84 1.84 2.49159 1.00717 1.68 1 0 0 0 0 0 0 0 0 2.04 2.885 2.04 2.04 2.04 2.04039 2.05407 2.94156 1.8 0 0 0 0 0 0 0 0 0 0 0 0 0 0 0 0 0 0 0 0 0 9.62463e+38 9.62463e+38 0 0 0 0 0 0 0 0
0 0 0 0 0 0 0 0 0 0 0 0 0 0 0 0 0 0 0 0 0 0 0 0 0 0 0 0 0 0 6.80564e+38 6.80564e+38 5.96 0 0 0 0 0 0 0 0 0 0 0 0 0 0.04 0 0 0 0 0 0 0 0 0 0 0 0 1.93205 0.973242 1.98957 0.96 0 0 0 0 0 0 0 0 0 2.04 2.04 2.04 2.04 2.04 2.08 1.8 0 0 0 0 0 0 0 0 0 0 0 0 0 0 0 0 0 0 0 0 0 0 0 9.62463e+38 9.62463e+38 0 0 0 0 0 0 0
0 0 0 0 0 0 0 0 0 0 0 0 0 0 0 0 0 0 0 0 0 0 0 0 0 0 0 0 0 0 6.80564e+38 6.80564e+38 6 0 0 0 0 0 0 0 0 0 0 0 0 0 0 0 0 0 0 0 0 0 0 0 0 0 0.88 1.75636 0.98387 1.79778 0 0 0 0 0 0 0 0 0 0 0 0 0 0 0 0 0 0 0 0 0 0 0 0 0 0 0 0 0 0 0 0 0 0 0 0 0 0 0 0 0 9.62463e+38 6.80564e+38 0 0 0 0 0 0
0 0 0 0 0 0 0 0 0 0 0 0 0 0 0 0 0 0 0 0 0 0 0 0 0 0 0 0 0 0 6.80564e+38 6.80564e+38 5.96 0 0 0 0 0 0 0 0 0 0 0 0 0 0 0 0 0 0 0 0 0 0 0 0 0 0.88 1.55332 1.75636 1.28 0 0 0 0 0 0 0 0 0 0 0 0 0 0 0 0 0 0 0 0 0 0 0 0 0 0 0 0 0 0 0 0 0 0 0 0 0 0 0 0 0 6.80564e+38 9.62463e+38 0 0 0 0 0 0
0 0 0 0 0 0 0 0 0 0 0 0 0 0 0 0 0 0 0 0 0 0 0 0 0 0 0 0 0 0 6.80564e+38 6.80564e+38 5.96 0 0 0 0 0 0 0 0 0 0 0 0 0 0 0 0 0 0 0 0 0 0 0 0 0 0 0.88 1.28 0 0 0 0 0 0 0 0 0 0 0 0 0 0 0 0 0 0 0 0 0 0 0 0 0 0 0 0 0 0 0 0 0 0 0 0 0 0 0 0 0 0 0 9.62463e+38 9.62463e+38 0 0 0 0 0
0 0 0 0 0 0 0 0 0 0 0 0 0 0 0 0 0 0 0 0 0 0 0 0 0 0 0 0 0 0 6.80564e+38 6.80564e+38 5.96 0 0 0 0 0 0 0 0 0 0 0 0 0 0 0 0 0 0 0 0 0 0 0 0 0 0 0 0 0 0 0 0 0 0 0 0 0 0 0 0 0 0 0 0 0 0 0 0 0 0 0 0 0 0 0 0 0 0 0 0 0 0 0 0 0 0 0 0 0 0 0 0 9.62463e+38 9.62463e+38 0 0 0 0
0 0 0 0 0 0 0 0 0 0 0 0 0 0 0 0 0 0 0 0 0 0 0 0 0 0 0 0 0 0 6.80564e+38 6.80564e+38 6 0 0 0 0 0 0 0 0 0 0 0 0 0 0 0 0 0 0 0 0 0 0 0 0 0 0 0 0 0 0 0 0 0 0 0 0 0 0 0 0 0 0 0 0 0 0 0 0 0 0 0 0 0 0 0 0 0 0 0 0 0 0 0 0 0 0 0 0 0 0 0 0 0 9.62463e+38 6.80564e+38 0 0 0
0 0 0 0 0 0 0 0 0 0 0 0 0 0 0 0 0 0 0 0 0 0 0 0 0 0 0 0 0 0 6.80564e+38 6.80564e+38 6 0 0 0 0 0 0 0 0 0 0 0 0 0 0 0 0 0 0 0 0 0 0 0 0 0 0 0 0 0 0 0 0 0 0 0 0 0 0 0 0 0 0 0 0 0 0 0 0 0 0 0 0 0 0 0 0 0 0 0 0 0 0 0 0 0 0 0 0 0 0 0 0 0 6.80564e+38 9.62463e+38 0 0 0
0 0 0 0 0 0 0 0 0 0 0 0 0 0 0 0 0 0 0 0 0 0 0 0 0 0 0 0 0 0 6.80564e+38 6.80564e+38 5.96 0 0 0 0 0 0 0 0 0 0 0 0 0 0 0 0 0 0 0 0 0 0 0 0 0 0 0 0 0 0 0 0 0 0 0 0 0 0 0 0 0 0 0 0 0 0 0 0 0 0 0 0 0 0 0 0 0 0 0 0 0 0 0 0 0 0 0 0 0 0 0 0 0 0 9.62463e+38 6.80564e+38 0 0
0 0 0 0 0 0 0 0 0 0 0 0 0 0 0 0 0 0 0 0 0 0 0 0 0 0 0 0 0 0 6.80564e+38 6.80564e+38 5.96 0 0 0 0 0 0 0 0 0 0 0 0 0 0 0 0 0 0 0 0 0 0 0 0 0 0 0 0 0 0 0 0 0 0 0 0 0 0 0 0 0 0 0 0 0 0 0 0 0 0 0 0 0 0 0 0 0 0 0 0 0 0 0 0 0 0 0 0 0 0 0 0 0 0 6.80564e+38 9.62463e+38 6.80564e+38 0
0 0 0 0 0 0 0 0 0 0 0 0 0 0 0 0 0 0 0 0 0 0 0 0 0 0 0 0 0 0 6.80564e+38 6.80564e+38 5.96 0 0 0 0 0 0 0 0 0 0 0 0 0 0 0 0 0 0 0 0 0 0 0 0 0 0 0 0 0 0 0 0 0 0 0 0 0 0 0 0 0 0 0 0 0 0 0 0 0 0 0 0 0 0 0 0 0 0 0 0 0 0 0 0 0 0 0 0.04 0 0 0 0 0 0 0 6.80564e+38 9.62463e+38 1.52179e+39
0 0 0 0 0 0 0 0 0 0 0 0 0 0 0 0 0 0 0 0 0 0 0 0 0 0 0 0 0 0 6.80564e+38 6.80564e+38 6 0 0 0 0 0 0 0 0 0 0 0 0 0 0 0 0 0 0 0 0 0 0 0 0 0 0 0 0 0 0 0 0 0 0 0 0 0 0 0 0 0 0 0 0 0 0 0 0 0 0 0 0 0 0 0 0 0 0 0 0 0 0 0 0 0 0 0.04 0 0.04 0 0 0 0.04 0 0 0 0 6.80564e+38
0 0 0 0 0 0 0 0 0 0 0 0 0 0 0 0 0 0 0 0 0 0 0 0 0 0 0 0 0 0 6.80564e+38 6.80564e+38 5.92 0 0 0 0 0 0 0 0 0 0 0 0 0 0 0 0 0 0 0 0 0 0 0 0 0 0 0 0 0 0 0 0 0 0 0 0 0 0 0 0 0 0 0 0 0 0 0 0 0 0 0 0 0 0 0 0 0 0 0 0 0 0 0 0 0 0 0 0.08 0 0 0 0.04 0.08 0.04 0 0 0 0
