 A gazebo samples stateTimeA and publishes joint states to ROS
[X my script samples (wallTimeX, stateTimeA)]
 B TRUE_ROBOT_STATE state msg published to LCM 
 C state msg republished to LCM


Figures of merit [when walking]
200Hz control implies 0.005sec latency
0.032 current latency
at 0.08 typically 2.2 stale states messages
at 0.07 typically 1.8 stale states messages
at 0.05 typically 1.0 stale states messages


0.02




1. ros> leg odo  > lcm > control
2. atlas_state > leg odo > control
3. 


header: 
  seq: 25120
  stamp: 
    secs: 25
    nsecs: 136000000
  frame_id: ''
name: ['back_lbz', 'back_mby', 'back_ubx', 'neck_ay', 'l_leg_uhz', 'l_leg_mhx', 'l_leg_lhy', 'l_leg_kny', 'l_leg_uay', 'l_leg_lax', 'r_leg_uhz', 'r_leg_mhx', 'r_leg_lhy', 'r_leg_kny', 'r_leg_uay', 'r_leg_lax', 'l_arm_usy', 'l_arm_shx', 'l_arm_ely', 'l_arm_elx', 'l_arm_uwy', 'l_arm_mwx', 'r_arm_usy', 'r_arm_shx', 'r_arm_ely', 'r_arm_elx', 'r_arm_uwy', 'r_arm_mwx']
position: [-0.0010265178279951215, 0.055152714252471924, 0.0001480246864957735, 0.5477402210235596, 0.04461384192109108, 0.11688300222158432, -0.631997287273407, 0.7536361217498779, -0.1328241229057312, -0.12305926531553268, 0.03736400976777077, 0.013574551790952682, -0.31689372658729553, 0.7526320219039917, -0.44842028617858887, -0.014387492090463638, 0.25948578119277954, -1.361397385597229, 2.0067529678344727, 0.9992887377738953, 0.0002799102512653917, -0.0009762441623024642, 0.2618617117404938, 1.3330858945846558, 1.9983875751495361, -0.9971470832824707, -0.0005597556591965258, 0.0021958863362669945]
velocity: [-0.006629761308431625, -0.015219384804368019, 0.002868203679099679, -0.0035859898198395967, 0.012899990193545818, -0.36590811610221863, 0.015331635251641273, -0.0061239455826580524, -0.003977576270699501, 0.3607005476951599, -0.016309373080730438, -0.36179667711257935, 0.3971955478191376, -0.06075340136885643, -0.3551590144634247, 0.36939936876296997, -0.028992339968681335, 0.06346191465854645, -0.02562243677675724, 0.008172741159796715, 0.003150980221107602, 0.0026381583884358406, -0.04782223328948021, 0.08275437355041504, 0.025529984384775162, -0.02942625805735588, -0.0024896704126149416, -0.0008592936210334301]
effort: [3.510161479319862, -17.59237507524142, -3.985999911500201, 0.7260269634592236, 1.7602512086926936, 3.7105778939504717, -9.803881398454564, 6.084569487398426, -0.055121281160950275, 0.029266837097878806, -2.7920662327888977, -84.21083189149172, -8.622877539359308, -82.23869172494244, 62.315184952649986, -32.49801162786061, -2.145115522922424, 4.90841153983942, -2.4055645870315345, 8.2805268962409, 0.0018735154957596478, 1.5514803692773427, -3.8154899996482072, 0.023433630714521314, -0.797119583215121, -9.163309792057603, 0.001356268582853204, -1.7151885646826415]

header: 
  seq: 25120
  stamp: 
    secs: 25
    nsecs: 136000000
  frame_id: ''
position: [-0.0010265178279951215, 0.055152714252471924, 0.0001480246864957735, 0.5477402210235596, 0.04461384192109108, 0.11688300222158432, -0.631997287273407, 0.7536361217498779, -0.1328241229057312, -0.12305926531553268, 0.03736400976777077, 0.013574551790952682, -0.31689372658729553, 0.7526320219039917, -0.44842028617858887, -0.014387492090463638, 0.25948578119277954, -1.361397385597229, 2.0067529678344727, 0.9992887377738953, 0.0002799102512653917, -0.0009762441623024642, 0.2618617117404938, 1.3330858945846558, 1.9983875751495361, -0.9971470832824707, -0.0005597556591965258, 0.0021958863362669945]
velocity: [-0.006629761308431625, -0.015219384804368019, 0.002868203679099679, -0.0035859898198395967, 0.012899990193545818, -0.36590811610221863, 0.015331635251641273, -0.0061239455826580524, -0.003977576270699501, 0.3607005476951599, -0.016309373080730438, -0.36179667711257935, 0.3971955478191376, -0.06075340136885643, -0.3551590144634247, 0.36939936876296997, -0.028992339968681335, 0.06346191465854645, -0.02562243677675724, 0.008172741159796715, 0.003150980221107602, 0.0026381583884358406, -0.04782223328948021, 0.08275437355041504, 0.025529984384775162, -0.02942625805735588, -0.0024896704126149416, -0.0008592936210334301]
effort: [3.5101613998413086, -17.592374801635742, -3.985999822616577, 0.7260269522666931, 1.7602511644363403, 3.710577964782715, -9.803881645202637, 6.084569454193115, -0.0551212802529335, 0.0292668379843235, -2.7920663356781006, -84.21083068847656, -8.62287712097168, -82.23869323730469, 62.315185546875, -32.49801254272461, -2.145115613937378, 4.908411502838135, -2.405564546585083, 8.280527114868164, 0.001873515546321869, 1.5514804124832153, -3.8154900074005127, 0.023433631286025047, -0.7971195578575134, -9.163310050964355, 0.001356268534436822, -1.7151886224746704]
kp_position: [0.0, 0.0, 0.0, 0.0, 0.0, 0.0, 0.0, 0.0, 0.0, 0.0, 0.0, 0.0, 0.0, 0.0, 0.0, 0.0, 0.0, 0.0, 0.0, 0.0, 0.0, 0.0, 0.0, 0.0, 0.0, 0.0, 0.0, 0.0]
ki_position: [0.0, 0.0, 0.0, 0.0, 0.0, 0.0, 0.0, 0.0, 0.0, 0.0, 0.0, 0.0, 0.0, 0.0, 0.0, 0.0, 0.0, 0.0, 0.0, 0.0, 0.0, 0.0, 0.0, 0.0, 0.0, 0.0, 0.0, 0.0]
kd_position: [0.0, 0.0, 0.0, 0.0, 0.0, 0.0, 0.0, 0.0, 0.0, 0.0, 0.0, 0.0, 0.0, 0.0, 0.0, 0.0, 0.0, 0.0, 0.0, 0.0, 0.0, 0.0, 0.0, 0.0, 0.0, 0.0, 0.0, 0.0]
kp_velocity: [0.0, 0.0, 0.0, 0.0, 0.0, 0.0, 0.0, 0.0, 0.0, 0.0, 0.0, 0.0, 0.0, 0.0, 0.0, 0.0, 0.0, 0.0, 0.0, 0.0, 0.0, 0.0, 0.0, 0.0, 0.0, 0.0, 0.0, 0.0]
i_effort_min: [0.0, 0.0, 0.0, 0.0, 0.0, 0.0, 0.0, 0.0, 0.0, 0.0, 0.0, 0.0, 0.0, 0.0, 0.0, 0.0, 0.0, 0.0, 0.0, 0.0, 0.0, 0.0, 0.0, 0.0, 0.0, 0.0, 0.0, 0.0]
i_effort_max: [0.0, 0.0, 0.0, 0.0, 0.0, 0.0, 0.0, 0.0, 0.0, 0.0, 0.0, 0.0, 0.0, 0.0, 0.0, 0.0, 0.0, 0.0, 0.0, 0.0, 0.0, 0.0, 0.0, 0.0, 0.0, 0.0, 0.0, 0.0]
k_effort: [255, 255, 255, 255, 255, 255, 255, 255, 255, 255, 255, 255, 255, 255, 255, 255, 255, 255, 255, 255, 255, 255, 255, 255, 255, 255, 255, 255]
orientation: 
  x: 0.000359745598833
  y: 0.00633105472401
  z: -0.0111787838085
  w: 0.99991740815
angular_velocity: 
  x: -0.00542772547524
  y: 0.0188073549793
  z: 0.00289097552997
linear_acceleration: 
  x: 0.828462392683
  y: 0.295990950799
  z: 10.2005851466
l_foot: 
  force: 
    x: 0.0
    y: 0.0
    z: -8.87190837774
  torque: 
    x: -0.00579045571959
    y: 0.0564240865956
    z: 0.0
r_foot: 
  force: 
    x: 0.0
    y: 0.0
    z: 924.029237551
  torque: 
    x: -10.7561487925
    y: -34.5188178726
    z: 0.0
l_hand: 
  force: 
    x: 6.4059624656
    y: 15.4944069908
    z: -16.5317688803
  torque: 
    x: -3.9340030255e-05
    y: -0.000485745976965
    z: -0.594853409095
r_hand: 
  force: 
    x: 0.69963547165
    y: -15.0522305397
    z: -19.1833422312
  torque: 
    x: 0.000116975014538
    y: -0.00124846656696
    z: 0.0548895006198

